0	-200.0	1	0	0.0	200
1	-200.0	1	0	0.0	400
2	-200.0	1	0	0.0	600
3	-200.0	1	0	0.0	800
4	-200.0	1	0	0.0	1000
5	-200.0	0.905	0.0120836794376	-0.361054009199	1200
6	-200.0	0.805	0.103422388434	-2.47063921928	1400
7	-200.0	0.705	0.124800287187	-4.42844026566	1600
8	-200.0	0.605	0.591085076332	-6.90876571596	1800
9	-200.0	0.505	1.10892045498	-10.9055387861	2000
10	-200.0	0.405	1.46105396748	-18.3991188335	2200
11	-200.0	0.305	1.16021502018	-19.103953433	2400
12	-165.0	0.22	0.65785074234	-22.3834212659	2566
13	-147.0	0.145	1.76285600662	-24.6190428669	2714
14	-200.0	0.045	1.19848811626	-33.148476572	2914
15	-200.0	-8.20524204137e-16	0.403551131487	-32.7408670616	3114
16	-196.0	-8.20524204137e-16	0.808572888374	-33.9120281626	3311
17	-169.0	-8.20524204137e-16	0.359908372164	-42.2503305996	3481
18	-142.0	-8.20524204137e-16	0.346237659454	-39.7768968302	3624
19	-123.0	-8.20524204137e-16	0.619378983974	-39.6470661625	3748
20	-177.0	-8.20524204137e-16	1.16723895073	-39.2004088284	3926
21	-93.0	-8.20524204137e-16	0.779117465019	-36.9908155685	4020
22	-182.0	-8.20524204137e-16	1.66178512573	-27.5338001043	4203
23	-96.0	-8.20524204137e-16	0.856646537781	-36.6180770323	4300
24	-120.0	-8.20524204137e-16	1.90516543388	-34.3548594388	4421
25	-96.0	-8.20524204137e-16	0.779190003872	-35.4792610837	4518
26	-115.0	-8.20524204137e-16	0.67105191946	-36.3763683747	4634
27	-162.0	-8.20524204137e-16	0.952293097973	-26.1503656269	4797
28	-200.0	-8.20524204137e-16	0.579712510109	-11.3874794334	4997
29	-151.0	-8.20524204137e-16	0.458464115858	-35.3092775313	5149
30	-88.0	-8.20524204137e-16	0.429502218962	-38.7501525129	5238
31	-84.0	-8.20524204137e-16	0.815112471581	-39.355442092	5323
32	-128.0	-8.20524204137e-16	0.483097672462	-35.5807562392	5452
33	-81.0	-8.20524204137e-16	0.704869151115	-36.1053340668	5534
34	-139.0	-8.20524204137e-16	1.17056763172	-41.7883718559	5674
35	-91.0	-8.20524204137e-16	0.274946570396	-35.5127046627	5766
36	-62.0	-8.20524204137e-16	0.340513110161	-39.4861283681	5829
37	-95.0	-8.20524204137e-16	0.392356216908	-33.3689047595	5925
38	-115.0	-8.20524204137e-16	0.265178143978	-36.2419319739	6041
39	-100.0	-8.20524204137e-16	0.347830444574	-31.3210817611	6142
40	-84.0	-8.20524204137e-16	0.410087108612	-35.0919906728	6227
41	-89.0	-8.20524204137e-16	0.409680634737	-31.4726426337	6317
42	-77.0	-8.20524204137e-16	0.996875703335	-36.4090393445	6395
43	-126.0	-8.20524204137e-16	0.389258742332	-27.59416874	6522
44	-90.0	-8.20524204137e-16	0.571120798588	-31.4055539114	6613
45	-70.0	-8.20524204137e-16	0.344697356224	-38.0452430215	6684
46	-69.0	-8.20524204137e-16	0.283110022545	-36.4567300865	6754
47	-94.0	-8.20524204137e-16	0.295540839434	-29.9248029809	6849
48	-134.0	-8.20524204137e-16	0.282305955887	-22.379449281	6984
49	-92.0	-8.20524204137e-16	0.358218550682	-40.9873744083	7077
50	-106.0	-8.20524204137e-16	0.338405877352	-27.3901022467	7184
51	-73.0	-8.20524204137e-16	0.351313591003	-35.2772982056	7258
52	-69.0	-8.20524204137e-16	0.391735970974	-35.1723750114	7328
53	-200.0	-8.20524204137e-16	0.283029139042	-14.4811528032	7528
54	-114.0	-8.20524204137e-16	0.283022135496	-34.8635383523	7643
55	-83.0	-8.20524204137e-16	0.405153989792	-34.2399739765	7727
56	-127.0	-8.20524204137e-16	0.56470054388	-39.0846168557	7855
57	-94.0	-8.20524204137e-16	0.45520350337	-40.7717237673	7950
58	-78.0	-8.20524204137e-16	0.280763417482	-33.7969177101	8029
59	-75.0	-8.20524204137e-16	0.272092580795	-35.2684184564	8105
60	-200.0	-8.20524204137e-16	0.510936200619	-12.6146719313	8305
61	-72.0	-8.20524204137e-16	0.287883490324	-33.7652047693	8378
62	-84.0	-8.20524204137e-16	0.312232047319	-31.8402115597	8463
63	-77.0	-8.20524204137e-16	0.376564651728	-33.5571182561	8541
64	-87.0	-8.20524204137e-16	0.20904918015	-30.7901539207	8629
65	-75.0	-8.20524204137e-16	0.220898509026	-34.0187132876	8705
66	-95.0	-8.20524204137e-16	0.203098326921	-35.131440786	8801
67	-74.0	-8.20524204137e-16	0.314947366714	-35.1142225202	8876
68	-82.0	-8.20524204137e-16	0.314082443714	-33.0535810252	8959
69	-100.0	-8.20524204137e-16	0.298614442348	-30.4426134695	9060
70	-71.0	-8.20524204137e-16	0.446248173714	-34.4366933542	9132
71	-109.0	-8.20524204137e-16	0.187569901347	-39.4353468895	9242
72	-68.0	-8.20524204137e-16	0.284432202578	-36.4991083214	9311
73	-114.0	-8.20524204137e-16	0.288647800684	-29.7183217857	9426
74	-94.0	-8.20524204137e-16	0.358198732138	-31.101353043	9521
75	-98.0	-8.20524204137e-16	0.436758160591	-26.4765691574	9620
76	-71.0	-8.20524204137e-16	0.307796835899	-32.2754823864	9692
77	-105.0	-8.20524204137e-16	0.48472070694	-23.9172407625	9798
78	-85.0	-8.20524204137e-16	0.244930744171	-29.7819864736	9884
79	-95.0	-8.20524204137e-16	0.240950167179	-26.0415542213	9980
80	-78.0	-8.20524204137e-16	0.21869763732	-31.4615271122	10059
81	-86.0	-8.20524204137e-16	0.152924239635	-28.8611806754	10146
82	-138.0	-8.20524204137e-16	0.39332857728	-23.3840027404	10285
83	-89.0	-8.20524204137e-16	0.214872285724	-38.4413601769	10375
84	-112.0	-8.20524204137e-16	0.48565775156	-27.466468925	10488
85	-200.0	-8.20524204137e-16	0.67577534914	-17.2198874825	10688
86	-105.0	-8.20524204137e-16	0.539817333221	-37.5293686345	10794
87	-99.0	-8.20524204137e-16	0.602820932865	-31.5086463106	10894
88	-85.0	-8.20524204137e-16	0.761348664761	-35.0925581566	10980
89	-109.0	-8.20524204137e-16	0.495812475681	-33.2555762139	11090
90	-104.0	-8.20524204137e-16	0.393225967884	-35.6380331584	11195
91	-92.0	-8.20524204137e-16	0.414415329695	-34.9039890843	11288
92	-84.0	-8.20524204137e-16	0.362213909626	-36.0366800869	11373
93	-97.0	-8.20524204137e-16	0.399123609066	-34.0536663094	11471
94	-93.0	-8.20524204137e-16	0.758537471294	-30.8864267519	11565
95	-71.0	-8.20524204137e-16	0.472929626703	-37.9978819026	11637
96	-91.0	-8.20524204137e-16	0.307999819517	-34.6463826247	11729
97	-82.0	-8.20524204137e-16	0.305840224028	-38.0563028577	11812
98	-97.0	-8.20524204137e-16	0.399716258049	-37.1134741501	11910
99	-81.0	-8.20524204137e-16	0.40215086937	-41.3938239086	11992
100	-81.0	-8.20524204137e-16	0.346387922764	-38.2635592833	12074
101	-72.0	-8.20524204137e-16	0.173006087542	-38.0023293038	12147
102	-100.0	-8.20524204137e-16	0.391628801823	-45.6908761298	12248
103	-63.0	-8.20524204137e-16	0.187591359019	-38.1741389707	12312
104	-84.0	-8.20524204137e-16	0.388379365206	-31.3786246373	12397
105	-71.0	-8.20524204137e-16	0.214949563146	-34.5168081092	12469
106	-99.0	-8.20524204137e-16	0.248596951365	-26.2957595615	12569
107	-80.0	-8.20524204137e-16	0.202065885067	-34.367133741	12650
108	-74.0	-8.20524204137e-16	0.207914993167	-31.9571604904	12725
109	-86.0	-8.20524204137e-16	0.277108937502	-29.7946641082	12812
110	-84.0	-8.20524204137e-16	0.119095437229	-29.3434709044	12897
111	-118.0	-8.20524204137e-16	0.429858356714	-19.1397144036	13016
112	-112.0	-8.20524204137e-16	0.302455186844	-22.5386366612	13129
113	-94.0	-8.20524204137e-16	0.33469209075	-24.6701133963	13224
114	-73.0	-8.20524204137e-16	0.193859905005	-36.7083957646	13298
115	-94.0	-8.20524204137e-16	0.150779992342	-35.8419822197	13393
116	-89.0	-8.20524204137e-16	0.206309303641	-29.1567505201	13483
117	-70.0	-8.20524204137e-16	0.150587067008	-32.3608927727	13554
118	-92.0	-8.20524204137e-16	0.141928955913	-26.8513653035	13647
119	-90.0	-8.20524204137e-16	0.294891446829	-28.0316383655	13738
120	-94.0	-8.20524204137e-16	0.297248780727	-25.0431110257	13833
121	-167.0	-8.20524204137e-16	0.415873408318	-20.4588885499	14001
122	-69.0	-8.20524204137e-16	0.384260356426	-31.4629872186	14071
123	-121.0	-8.20524204137e-16	0.380248248577	-24.5662183522	14193
124	-101.0	-8.20524204137e-16	0.592628419399	-27.8638342806	14295
125	-91.0	-8.20524204137e-16	0.451941788197	-32.8717234886	14387
126	-95.0	-8.20524204137e-16	1.22305655479	-30.2499635418	14483
127	-62.0	-8.20524204137e-16	1.32992708683	-37.549700298	14546
128	-79.0	-8.20524204137e-16	1.57920527458	-36.9815266967	14626
129	-123.0	-8.20524204137e-16	0.661554515362	-30.3614169013	14750
130	-99.0	-8.20524204137e-16	0.576184868813	-28.904765954	14850
131	-200.0	-8.20524204137e-16	0.581850230694	-22.3172157121	15050
132	-115.0	-8.20524204137e-16	0.363339573145	-29.8918804619	15166
133	-94.0	-8.20524204137e-16	0.826077878475	-30.2941483827	15261
134	-80.0	-8.20524204137e-16	0.346133887768	-34.147040816	15342
135	-80.0	-8.20524204137e-16	0.751432716846	-35.07880985	15423
136	-100.0	-8.20524204137e-16	0.397373467684	-30.9204951584	15524
137	-71.0	-8.20524204137e-16	0.582976102829	-35.1313912206	15596
138	-200.0	-8.20524204137e-16	0.865419745445	-20.1644168708	15796
139	-160.0	-8.20524204137e-16	0.702969789505	-35.3880237556	15957
140	-79.0	-8.20524204137e-16	0.697825610638	-37.9836750746	16037
141	-200.0	-8.20524204137e-16	1.11055195332	-32.181000843	16237
142	-104.0	-8.20524204137e-16	0.474281221628	-35.0737869444	16342
143	-100.0	-8.20524204137e-16	0.599809348583	-35.0104246281	16443
144	-82.0	-8.20524204137e-16	0.25951012969	-37.8492844133	16526
145	-87.0	-8.20524204137e-16	0.51219022274	-33.5253914432	16614
146	-85.0	-8.20524204137e-16	0.755103766918	-37.5026762208	16700
147	-107.0	-8.20524204137e-16	0.6828160882	-37.5851050483	16808
148	-111.0	-8.20524204137e-16	0.53120303154	-33.9938816854	16920
149	-118.0	-8.20524204137e-16	0.693712353706	-35.1330585079	17039
150	-200.0	-8.20524204137e-16	0.515879690647	-24.3151694083	17239
151	-97.0	-8.20524204137e-16	0.514121949673	-30.493746475	17337
152	-68.0	-8.20524204137e-16	0.479400068521	-36.1011254822	17406
153	-78.0	-8.20524204137e-16	0.266355246305	-31.8617688553	17485
154	-129.0	-8.20524204137e-16	0.322762817144	-25.1382198224	17615
155	-200.0	-8.20524204137e-16	0.655663251877	-26.8702273369	17815
156	-104.0	-8.20524204137e-16	0.511482656002	-34.7225867044	17920
157	-132.0	-8.20524204137e-16	0.415223121643	-30.4020917505	18053
158	-98.0	-8.20524204137e-16	1.10238111019	-39.4254802116	18152
159	-101.0	-8.20524204137e-16	0.663975834846	-36.9529571253	18254
160	-99.0	-8.20524204137e-16	1.29247355461	-33.679558897	18354
161	-84.0	-8.20524204137e-16	0.955659270287	-32.6110008436	18439
162	-107.0	-8.20524204137e-16	1.00445330143	-33.0931144997	18547
163	-89.0	-8.20524204137e-16	0.750317215919	-33.6109244294	18637
164	-88.0	-8.20524204137e-16	0.809131622314	-34.0831722302	18726
165	-113.0	-8.20524204137e-16	0.701189041138	-33.5480755594	18840
166	-75.0	-8.20524204137e-16	0.512235879898	-38.9495147655	18916
167	-108.0	-8.20524204137e-16	0.320321261883	-31.2770612415	19025
168	-95.0	-8.20524204137e-16	0.470265716314	-29.7767195762	19121
169	-91.0	-8.20524204137e-16	0.823028028011	-36.6793974534	19213
170	-115.0	-8.20524204137e-16	0.685388088226	-33.1660462181	19329
171	-89.0	-8.20524204137e-16	0.497283428907	-31.7775223182	19419
172	-89.0	-8.20524204137e-16	0.391282618046	-34.5004915534	19509
173	-113.0	-8.20524204137e-16	0.456613868475	-32.2863031124	19623
174	-105.0	-8.20524204137e-16	0.41600856185	-31.595806866	19729
175	-113.0	-8.20524204137e-16	1.09502971172	-32.8222251168	19843
176	-82.0	-8.20524204137e-16	0.417645096779	-33.0132922782	19926
177	-107.0	-8.20524204137e-16	0.571916759014	-24.1830384157	20034
178	-77.0	-8.20524204137e-16	0.493830323219	-35.4915749599	20112
179	-89.0	-8.20524204137e-16	0.359907597303	-33.9026783784	20202
180	-108.0	-8.20524204137e-16	0.3756262362	-25.1690336039	20311
181	-89.0	-8.20524204137e-16	0.188252270222	-28.5429067559	20401
182	-75.0	-8.20524204137e-16	0.354546368122	-31.5054255881	20477
183	-81.0	-8.20524204137e-16	0.238835319877	-31.6623352315	20559
184	-90.0	-8.20524204137e-16	0.260345041752	-29.6940609073	20650
185	-127.0	-8.20524204137e-16	0.571259558201	-23.6953983782	20778
186	-127.0	-8.20524204137e-16	0.366869956255	-34.6115542985	20906
187	-72.0	-8.20524204137e-16	0.632193386555	-34.0755902904	20979
188	-81.0	-8.20524204137e-16	0.548012018204	-34.2534599072	21061
189	-88.0	-8.20524204137e-16	0.569245278835	-31.8098223718	21150
190	-71.0	-8.20524204137e-16	0.447566688061	-35.6600694656	21222
191	-101.0	-8.20524204137e-16	0.731360852718	-28.620214639	21324
192	-200.0	-8.20524204137e-16	0.618021965027	-30.6786684108	21524
193	-81.0	-8.20524204137e-16	0.32148334384	-33.1755673435	21606
194	-118.0	-8.20524204137e-16	0.436801493168	-25.8065373497	21725
195	-200.0	-8.20524204137e-16	0.341088503599	-28.4033084726	21925
196	-127.0	-8.20524204137e-16	0.346099287271	-26.7342804037	22053
197	-93.0	-8.20524204137e-16	0.433414191008	-27.0924854202	22147
198	-135.0	-8.20524204137e-16	0.241820424795	-34.4243050454	22283
199	-76.0	-8.20524204137e-16	0.363009810448	-36.6538645509	22360
200	-106.0	-8.20524204137e-16	0.276228517294	-29.3260060983	22467
201	-82.0	-8.20524204137e-16	0.300825715065	-32.7674755935	22550
202	-81.0	-8.20524204137e-16	0.25353372097	-31.5756012078	22632
203	-111.0	-8.20524204137e-16	0.588772475719	-28.7324825014	22744
204	-122.0	-8.20524204137e-16	0.302244216204	-19.2379881476	22867
205	-85.0	-8.20524204137e-16	0.467267036438	-36.5884394757	22953
206	-106.0	-8.20524204137e-16	0.398115992546	-31.3027493887	23060
207	-101.0	-8.20524204137e-16	0.33086207509	-35.8657916796	23162
208	-79.0	-8.20524204137e-16	0.536407649517	-35.6491599813	23242
209	-162.0	-8.20524204137e-16	0.434139609337	-25.2010407609	23405
210	-86.0	-8.20524204137e-16	0.338861495256	-32.8770549599	23492
211	-86.0	-8.20524204137e-16	0.53760010004	-32.8508342888	23579
212	-98.0	-8.20524204137e-16	0.815564095974	-30.5394548196	23678
213	-124.0	-8.20524204137e-16	0.720007121563	-23.3852203147	23803
214	-132.0	-8.20524204137e-16	0.29267296195	-37.1011654883	23936
215	-87.0	-8.20524204137e-16	0.318448394537	-33.0192755244	24024
216	-90.0	-8.20524204137e-16	0.279594868422	-31.8589271058	24115
217	-75.0	-8.20524204137e-16	0.434326082468	-35.9538368802	24191
218	-86.0	-8.20524204137e-16	0.455521345139	-30.1370066178	24278
219	-100.0	-8.20524204137e-16	0.520811617374	-29.7456270627	24379
220	-91.0	-8.20524204137e-16	0.430876225233	-32.8129296925	24471
221	-113.0	-8.20524204137e-16	0.445127397776	-26.5971889323	24585
222	-106.0	-8.20524204137e-16	0.331072121859	-26.4592522232	24692
223	-89.0	-8.20524204137e-16	0.199300572276	-34.5071912289	24782
224	-121.0	-8.20524204137e-16	0.278560549021	-25.3985411476	24904
225	-98.0	-8.20524204137e-16	0.430619210005	-28.4594293267	25003
226	-94.0	-8.20524204137e-16	0.409406989813	-28.1575096482	25098
227	-101.0	-8.20524204137e-16	0.257871568203	-29.300047492	25200
228	-75.0	-8.20524204137e-16	0.217390105128	-33.6681716191	25276
229	-84.0	-8.20524204137e-16	0.199232786894	-31.3226838645	25361
230	-69.0	-8.20524204137e-16	0.333968520164	-35.8248999902	25431
231	-91.0	-8.20524204137e-16	0.295629441738	-39.2312647312	25523
232	-62.0	-8.20524204137e-16	0.429017484188	-36.7484042304	25586
233	-104.0	-8.20524204137e-16	0.307714194059	-32.5889203957	25691
234	-83.0	-8.20524204137e-16	0.323998302221	-36.9447465511	25775
235	-87.0	-8.20524204137e-16	0.276033788919	-30.9330966056	25863
236	-200.0	-8.20524204137e-16	0.448768824339	-17.6310488665	26063
237	-79.0	-8.20524204137e-16	0.224528446794	-28.8583594829	26143
238	-130.0	-8.20524204137e-16	0.4661218822	-22.8628218483	26274
239	-94.0	-8.20524204137e-16	0.575912714005	-24.6262025683	26369
240	-84.0	-8.20524204137e-16	0.335357666016	-27.618894319	26454
241	-96.0	-8.20524204137e-16	1.09216427803	-26.8687170412	26551
242	-98.0	-8.20524204137e-16	1.12646591663	-25.1469210669	26650
243	-106.0	-8.20524204137e-16	0.322871416807	-22.8478359561	26757
244	-89.0	-8.20524204137e-16	0.728110551834	-29.5338448101	26847
245	-96.0	-8.20524204137e-16	0.301285803318	-28.1270506947	26944
246	-89.0	-8.20524204137e-16	0.236354529858	-31.3229203701	27034
247	-101.0	-8.20524204137e-16	0.379450708628	-29.9144105514	27136
248	-75.0	-8.20524204137e-16	0.274284273386	-33.2592704296	27212
249	-76.0	-8.20524204137e-16	0.14731836319	-30.9656323643	27289
250	-106.0	-8.20524204137e-16	0.206402555108	-24.2383588958	27396
251	-78.0	-8.20524204137e-16	0.374210000038	-29.3525563916	27475
252	-62.0	-8.20524204137e-16	0.183657109737	-33.4621352922	27538
253	-62.0	-8.20524204137e-16	0.266710877419	-35.4395053652	27601
254	-93.0	-8.20524204137e-16	0.329974025488	-28.3057301083	27695
255	-78.0	-8.20524204137e-16	0.352664172649	-29.9640053669	27774
256	-79.0	-8.20524204137e-16	0.196150884032	-32.2517826512	27854
257	-125.0	-8.20524204137e-16	0.348493397236	-24.1829602236	27980
258	-75.0	-8.20524204137e-16	0.291580975056	-31.5681619738	28056
259	-75.0	-8.20524204137e-16	0.382374763489	-31.2646017953	28132
260	-83.0	-8.20524204137e-16	0.162849858403	-33.1490371454	28216
261	-123.0	-8.20524204137e-16	0.584854185581	-19.8495676891	28340
262	-85.0	-8.20524204137e-16	0.152115434408	-29.1547774492	28426
263	-123.0	-8.20524204137e-16	0.665073275566	-19.2082367792	28550
264	-99.0	-8.20524204137e-16	0.591494977474	-27.6666066217	28650
265	-62.0	-8.20524204137e-16	0.291348457336	-33.3053349162	28713
266	-62.0	-8.20524204137e-16	0.446629285812	-33.9691970765	28776
267	-114.0	-8.20524204137e-16	0.310873836279	-32.6477370179	28891
268	-74.0	-8.20524204137e-16	0.693987965584	-28.9480996637	28966
269	-98.0	-8.20524204137e-16	0.203369423747	-23.5637438764	29065
270	-79.0	-8.20524204137e-16	0.252715796232	-29.7393170059	29145
271	-82.0	-8.20524204137e-16	0.196769192815	-28.8002439235	29228
272	-83.0	-8.20524204137e-16	0.312819123268	-27.3446964806	29312
273	-62.0	-8.20524204137e-16	0.188932910562	-32.193920355	29375
274	-92.0	-8.20524204137e-16	0.393668323755	-25.571695529	29468
275	-154.0	-8.20524204137e-16	0.565094232559	-19.9350977805	29623
276	-120.0	-8.20524204137e-16	0.522174835205	-22.7722806773	29744
277	-69.0	-8.20524204137e-16	0.514978170395	-34.0802226339	29814
278	-125.0	-8.20524204137e-16	0.456052690744	-32.345831977	29940
279	-147.0	-8.20524204137e-16	0.424941688776	-27.9378476954	30088
280	-91.0	-8.20524204137e-16	0.338018000126	-31.0992719194	30180
281	-77.0	-8.20524204137e-16	0.376943439245	-31.1282602212	30258
282	-118.0	-8.20524204137e-16	0.645202636719	-24.0520812063	30377
283	-89.0	-8.20524204137e-16	0.598597943783	-29.0342264387	30467
284	-108.0	-8.20524204137e-16	0.469717413187	-26.3271940039	30576
285	-78.0	-8.20524204137e-16	0.409250020981	-32.1503579164	30655
286	-84.0	-8.20524204137e-16	0.385087907314	-32.5880270341	30740
287	-75.0	-8.20524204137e-16	0.587918162346	-32.8505252223	30816
288	-85.0	-8.20524204137e-16	0.235445857048	-29.9336996134	30902
289	-101.0	-8.20524204137e-16	0.214666768909	-28.1506976848	31004
290	-93.0	-8.20524204137e-16	0.255563437939	-29.5055064813	31098
291	-72.0	-8.20524204137e-16	0.165959313512	-32.7641635464	31171
292	-118.0	-8.20524204137e-16	0.542663872242	-26.2597167873	31290
293	-78.0	-8.20524204137e-16	0.368314921856	-31.8853924063	31369
294	-103.0	-8.20524204137e-16	0.254043608904	-27.6978180179	31473
295	-117.0	-8.20524204137e-16	0.386984914541	-30.7054750642	31591
296	-78.0	-8.20524204137e-16	0.287841439247	-34.6870076204	31670
297	-119.0	-8.20524204137e-16	0.319877773523	-27.4898612261	31790
298	-161.0	-8.20524204137e-16	0.677154779434	-23.1945359854	31952
299	-90.0	-8.20524204137e-16	0.358239740133	-30.4832461308	32043
300	-94.0	-8.20524204137e-16	0.439035862684	-30.9590188503	32138
301	-73.0	-8.20524204137e-16	0.334058105946	-35.3649976898	32212
302	-129.0	-8.20524204137e-16	0.396305710077	-26.378674683	32342
303	-96.0	-8.20524204137e-16	0.415864408016	-33.1444787389	32439
304	-82.0	-8.20524204137e-16	0.276466399431	-32.9900146967	32522
305	-70.0	-8.20524204137e-16	0.464446246624	-33.6452451491	32593
306	-83.0	-8.20524204137e-16	0.246836140752	-35.7334975856	32677
307	-83.0	-8.20524204137e-16	0.520111441612	-31.2840857648	32761
308	-83.0	-8.20524204137e-16	0.353069365025	-33.256621514	32845
309	-62.0	-8.20524204137e-16	0.487413883209	-36.2249500184	32908
310	-106.0	-8.20524204137e-16	0.311996549368	-37.2108587461	33015
311	-95.0	-8.20524204137e-16	0.584147632122	-27.4911441778	33111
312	-75.0	-8.20524204137e-16	0.462373763323	-37.87715686	33187
313	-69.0	-8.20524204137e-16	0.504580914974	-33.5766946367	33257
314	-78.0	-8.20524204137e-16	0.327731490135	-34.0901201465	33336
315	-73.0	-8.20524204137e-16	0.160598650575	-32.1945828892	33410
316	-70.0	-8.20524204137e-16	0.183865889907	-33.2709891108	33481
317	-96.0	-8.20524204137e-16	0.356221020222	-26.694678356	33578
318	-62.0	-8.20524204137e-16	0.204538077116	-35.4234664402	33641
319	-78.0	-8.20524204137e-16	0.251010149717	-30.0285755117	33720
320	-94.0	-8.20524204137e-16	0.153473287821	-24.7883389341	33815
321	-89.0	-8.20524204137e-16	0.27405783534	-26.4041488876	33905
322	-80.0	-8.20524204137e-16	0.128094226122	-26.6283458258	33986
323	-83.0	-8.20524204137e-16	0.281230717897	-31.6831348141	34070
324	-102.0	-8.20524204137e-16	0.444900423288	-22.0811747654	34173
325	-106.0	-8.20524204137e-16	0.322419136763	-23.3484615054	34280
326	-200.0	-8.20524204137e-16	0.351186275482	-11.8300204185	34480
327	-89.0	-8.20524204137e-16	0.336284041405	-23.9910210725	34570
328	-86.0	-8.20524204137e-16	0.235976666212	-26.1281298824	34657
329	-120.0	-8.20524204137e-16	0.656853199005	-23.1612694677	34778
330	-99.0	-8.20524204137e-16	0.396381825209	-30.9279848528	34878
331	-144.0	-8.20524204137e-16	0.282606452703	-25.7499112762	35023
332	-80.0	-8.20524204137e-16	0.307651400566	-27.1387920556	35104
333	-85.0	-8.20524204137e-16	0.485198050737	-29.6399072714	35190
334	-109.0	-8.20524204137e-16	0.401354014874	-29.7255159855	35300
335	-95.0	-8.20524204137e-16	0.471152454615	-29.1502339169	35396
336	-84.0	-8.20524204137e-16	0.525401949883	-30.1072421943	35481
337	-111.0	-8.20524204137e-16	0.542205035686	-35.5610681006	35593
338	-98.0	-8.20524204137e-16	0.383878231049	-28.9755063117	35692
339	-117.0	-8.20524204137e-16	0.300386339426	-28.9096392696	35810
340	-71.0	-8.20524204137e-16	0.490102022886	-33.6703486641	35882
341	-87.0	-8.20524204137e-16	0.329511255026	-32.9889112061	35970
342	-120.0	-8.20524204137e-16	0.426488608122	-28.2179037421	36091
343	-98.0	-8.20524204137e-16	0.431138515472	-26.4995548936	36190
344	-115.0	-8.20524204137e-16	0.417553067207	-26.3998151627	36306
345	-100.0	-8.20524204137e-16	0.265096992254	-26.6854645539	36407
346	-82.0	-8.20524204137e-16	0.206515163183	-33.5318575047	36490
347	-99.0	-8.20524204137e-16	0.305179595947	-37.18579	36590
348	-79.0	-8.20524204137e-16	0.419222831726	-34.4735088229	36670
349	-69.0	-8.20524204137e-16	0.240717113018	-33.5717807531	36740
350	-102.0	-8.20524204137e-16	0.196961700916	-27.5073109929	36843
351	-111.0	-8.20524204137e-16	0.397499233484	-23.8929283809	36955
352	-62.0	-8.20524204137e-16	0.338631421328	-34.9182939558	37018
353	-92.0	-8.20524204137e-16	0.386542707682	-27.5490717728	37111
354	-72.0	-8.20524204137e-16	0.242827117443	-32.1911185408	37184
355	-71.0	-8.20524204137e-16	0.259459525347	-31.2385314322	37256
356	-71.0	-8.20524204137e-16	0.235165372491	-29.9970421245	37328
357	-93.0	-8.20524204137e-16	0.32637026906	-37.9808658133	37422
358	-108.0	-8.20524204137e-16	0.257937163115	-24.9463367976	37531
359	-110.0	-8.20524204137e-16	0.286952674389	-27.1697504539	37642
360	-96.0	-8.20524204137e-16	0.528997838497	-25.939489329	37739
361	-129.0	-8.20524204137e-16	0.248744562268	-23.3761964445	37869
362	-89.0	-8.20524204137e-16	0.180623114109	-27.7910213659	37959
363	-106.0	-8.20524204137e-16	0.41042521596	-26.9639302013	38066
364	-72.0	-8.20524204137e-16	0.403648912907	-29.6652271846	38139
365	-74.0	-8.20524204137e-16	0.375011086464	-35.5705581506	38214
366	-84.0	-8.20524204137e-16	0.264334738255	-27.9729831966	38299
367	-61.0	-8.20524204137e-16	0.358640909195	-33.2716216022	38361
368	-70.0	-8.20524204137e-16	0.454430222511	-32.0533117568	38432
369	-65.0	-8.20524204137e-16	0.353418022394	-36.972661423	38498
370	-94.0	-8.20524204137e-16	0.529158890247	-23.4198052861	38593
371	-136.0	-8.20524204137e-16	0.69454240799	-15.0551484371	38730
372	-95.0	-8.20524204137e-16	0.766947627068	-32.2691478829	38826
373	-91.0	-8.20524204137e-16	0.361881703138	-25.595622441	38918
374	-98.0	-8.20524204137e-16	0.483589589596	-26.1776772461	39017
375	-63.0	-8.20524204137e-16	0.525108575821	-32.1577107608	39081
376	-77.0	-8.20524204137e-16	0.538928031921	-28.4229260652	39159
377	-107.0	-8.20524204137e-16	0.844898879528	-25.9026614359	39267
378	-92.0	-8.20524204137e-16	0.566416800022	-36.1824013078	39360
379	-106.0	-8.20524204137e-16	0.776427388191	-25.4171406471	39467
380	-105.0	-8.20524204137e-16	0.867682993412	-23.1211788767	39573
381	-126.0	-8.20524204137e-16	0.701110839844	-22.969790759	39700
382	-91.0	-8.20524204137e-16	0.472598075867	-28.5583232589	39792
383	-85.0	-8.20524204137e-16	0.219429910183	-29.8547074258	39878
384	-97.0	-8.20524204137e-16	0.432010918856	-25.9669100898	39976
385	-85.0	-8.20524204137e-16	0.285900145769	-28.2183829948	40062
386	-80.0	-8.20524204137e-16	0.290961265564	-30.071678924	40143
387	-102.0	-8.20524204137e-16	0.237449318171	-27.4550950799	40246
388	-113.0	-8.20524204137e-16	0.317331016064	-25.5699028088	40360
389	-113.0	-8.20524204137e-16	0.478091388941	-31.2788877435	40474
390	-87.0	-8.20524204137e-16	0.339287042618	-31.0456645109	40562
391	-83.0	-8.20524204137e-16	0.27863034606	-31.5218794857	40646
392	-121.0	-8.20524204137e-16	0.216517150402	-35.4844216265	40768
393	-62.0	-8.20524204137e-16	0.495245605707	-36.6024126023	40831
394	-200.0	-8.20524204137e-16	0.436499983072	-10.2597137821	41031
395	-63.0	-8.20524204137e-16	0.241897910833	-35.9383677542	41095
396	-63.0	-8.20524204137e-16	0.286611586809	-35.9398922026	41159
397	-61.0	-8.20524204137e-16	0.23624445498	-37.06292237	41221
398	-75.0	-8.20524204137e-16	0.275478333235	-30.2447761391	41297
399	-62.0	-8.20524204137e-16	0.30894240737	-35.8123387032	41360
400	-91.0	-8.20524204137e-16	0.441870570183	-27.6426318728	41452
401	-64.0	-8.20524204137e-16	0.314774543047	-35.9830900614	41517
402	-99.0	-8.20524204137e-16	0.943220615387	-26.3238109973	41617
403	-61.0	-8.20524204137e-16	0.365182995796	-33.925874065	41679
404	-64.0	-8.20524204137e-16	0.251964062452	-33.6322444567	41744
405	-69.0	-8.20524204137e-16	0.164097845554	-30.0005267773	41814
406	-93.0	-8.20524204137e-16	0.265204429626	-23.6295252591	41908
407	-96.0	-8.20524204137e-16	0.377429246902	-25.2839413129	42005
408	-104.0	-8.20524204137e-16	0.565006792545	-29.1279362386	42110
409	-111.0	-8.20524204137e-16	0.808868587017	-34.7206612485	42222
410	-130.0	-8.20524204137e-16	0.668534219265	-31.544376477	42353
411	-105.0	-8.20524204137e-16	0.366870343685	-24.3687160701	42459
412	-111.0	-8.20524204137e-16	0.402959257364	-29.1625461706	42571
413	-85.0	-8.20524204137e-16	0.577628850937	-27.0040925935	42657
414	-81.0	-8.20524204137e-16	0.527168691158	-30.2728478527	42739
415	-109.0	-8.20524204137e-16	0.469864159822	-23.3749259131	42849
416	-143.0	-8.20524204137e-16	0.77356928587	-19.317491864	42993
417	-144.0	-8.20524204137e-16	0.407042324543	-22.7707102825	43138
418	-106.0	-8.20524204137e-16	0.426160275936	-36.2733457111	43245
419	-82.0	-8.20524204137e-16	0.391084730625	-33.853735039	43328
420	-98.0	-8.20524204137e-16	0.560067117214	-31.0431648505	43427
421	-92.0	-8.20524204137e-16	0.352566897869	-27.642732858	43520
422	-90.0	-8.20524204137e-16	0.643623292446	-30.4797281826	43611
423	-133.0	-8.20524204137e-16	0.468118846416	-26.5769096204	43745
424	-82.0	-8.20524204137e-16	0.449085652828	-31.9235501641	43828
425	-98.0	-8.20524204137e-16	0.894472956657	-37.5212618992	43927
426	-102.0	-8.20524204137e-16	0.512101769447	-28.0162193821	44030
427	-130.0	-8.20524204137e-16	0.61176431179	-28.2659257423	44161
428	-108.0	-8.20524204137e-16	0.430051833391	-27.2913169538	44270
429	-83.0	-8.20524204137e-16	0.424794286489	-32.5321548865	44354
430	-200.0	-8.20524204137e-16	0.40005081892	-19.7362711022	44554
431	-154.0	-8.20524204137e-16	0.31505972147	-25.9507983054	44709
432	-89.0	-8.20524204137e-16	0.212859869003	-32.5562983831	44799
433	-200.0	-8.20524204137e-16	0.828929007053	-17.1634026301	44999
434	-100.0	-8.20524204137e-16	0.403908163309	-28.1359905724	45100
435	-72.0	-8.20524204137e-16	0.326573729515	-34.724766875	45173
436	-72.0	-8.20524204137e-16	0.274837464094	-34.6823253174	45246
437	-63.0	-8.20524204137e-16	0.250299543142	-36.6176922023	45310
438	-70.0	-8.20524204137e-16	0.440484046936	-36.4709732566	45381
439	-93.0	-8.20524204137e-16	0.448343366385	-31.9847595514	45475
440	-63.0	-8.20524204137e-16	0.229246750474	-36.1057103649	45539
441	-102.0	-8.20524204137e-16	0.711425304413	-29.2145818414	45642
442	-118.0	-8.20524204137e-16	0.520015060902	-30.5451827049	45761
443	-161.0	-8.20524204137e-16	0.448680073023	-32.1379568356	45923
444	-91.0	-8.20524204137e-16	0.686796188354	-31.5706107305	46015
445	-93.0	-8.20524204137e-16	0.659257531166	-29.6017253602	46109
446	-113.0	-8.20524204137e-16	0.471804648638	-27.3746039303	46223
447	-96.0	-8.20524204137e-16	0.835677862167	-32.5533197221	46320
448	-122.0	-8.20524204137e-16	0.494639754295	-33.6619027533	46443
449	-84.0	-8.20524204137e-16	0.518847644329	-31.3180410282	46528
450	-93.0	-8.20524204137e-16	0.354369938374	-27.543609311	46622
451	-100.0	-8.20524204137e-16	0.315441459417	-26.2732624807	46723
452	-120.0	-8.20524204137e-16	0.299621850252	-25.3224896459	46844
453	-101.0	-8.20524204137e-16	0.236279726028	-29.5461662797	46946
454	-104.0	-8.20524204137e-16	0.852155148983	-30.9808981123	47051
455	-157.0	-8.20524204137e-16	0.314347714186	-22.2458647484	47209
456	-70.0	-8.20524204137e-16	0.230027720332	-35.5245956065	47280
457	-123.0	-8.20524204137e-16	0.475167185068	-33.4372730092	47404
458	-130.0	-8.20524204137e-16	0.513680040836	-21.4709162032	47535
459	-133.0	-8.20524204137e-16	0.552880227566	-28.5922544403	47669
460	-95.0	-8.20524204137e-16	0.679048597813	-35.4987148146	47765
461	-131.0	-8.20524204137e-16	0.668814241886	-32.2542435177	47897
462	-200.0	-8.20524204137e-16	0.543112516403	-16.8527482224	48097
463	-84.0	-8.20524204137e-16	0.55686122179	-31.749876387	48182
464	-145.0	-8.20524204137e-16	0.6615909338	-19.1051189054	48328
465	-107.0	-8.20524204137e-16	0.635729312897	-28.2995775637	48436
466	-100.0	-8.20524204137e-16	0.359130829573	-29.5909045097	48537
467	-96.0	-8.20524204137e-16	0.359599918127	-28.5420797142	48634
468	-112.0	-8.20524204137e-16	0.517365396023	-32.4675639836	48747
469	-64.0	-8.20524204137e-16	0.221610590816	-38.6097987689	48812
470	-71.0	-8.20524204137e-16	0.334930747747	-34.2815632953	48884
471	-83.0	-8.20524204137e-16	0.278741627932	-32.0307941096	48968
472	-159.0	-8.20524204137e-16	0.298897981644	-20.2065953858	49128
473	-74.0	-8.20524204137e-16	0.337139815092	-31.9606862895	49203
474	-133.0	-8.20524204137e-16	0.637409210205	-24.2484327148	49337
475	-112.0	-8.20524204137e-16	0.340057641268	-35.4869739229	49450
476	-84.0	-8.20524204137e-16	0.445849001408	-31.8970847824	49535
477	-64.0	-8.20524204137e-16	0.549448311329	-37.95908611	49600
478	-180.0	-8.20524204137e-16	0.668481767178	-22.0956422881	49781
479	-109.0	-8.20524204137e-16	0.730556190014	-33.1881056916	49891
480	-102.0	-8.20524204137e-16	0.726267337799	-28.8009702717	49994
481	-115.0	-8.20524204137e-16	0.460408717394	-30.4160483942	50110
482	-175.0	-8.20524204137e-16	1.05598306656	-7.62492726218	50286
483	-115.0	-8.20524204137e-16	0.495725095272	-33.1447968339	50402
484	-64.0	-8.20524204137e-16	0.347509264946	-37.1052712954	50467
485	-92.0	-8.20524204137e-16	0.356971532106	-30.4021883319	50560
486	-111.0	-8.20524204137e-16	0.790419757366	-30.019976647	50672
487	-85.0	-8.20524204137e-16	0.360595703125	-33.6237785026	50758
488	-87.0	-8.20524204137e-16	0.384132683277	-31.9492539276	50846
489	-98.0	-8.20524204137e-16	0.415856450796	-30.3102805049	50945
490	-112.0	-8.20524204137e-16	0.603483438492	-27.0962410775	51058
491	-85.0	-8.20524204137e-16	0.715434908867	-32.9767728004	51144
492	-65.0	-8.20524204137e-16	0.829330205917	-36.4135164637	51210
493	-65.0	-8.20524204137e-16	0.295565247536	-36.0618337501	51276
494	-86.0	-8.20524204137e-16	0.402044832706	-33.5953798623	51363
495	-71.0	-8.20524204137e-16	0.503866493702	-32.8066688942	51435
496	-78.0	-8.20524204137e-16	0.439839214087	-34.96302726	51514
497	-124.0	-8.20524204137e-16	0.523299336433	-30.5628685069	51639
498	-61.0	-8.20524204137e-16	0.3200301826	-34.5394635643	51701
499	-143.0	-8.20524204137e-16	0.34636709094	-28.0602582002	51845
500	-100.0	-8.20524204137e-16	0.340406417847	-26.3739698172	51946
501	-86.0	-8.20524204137e-16	0.254248648882	-26.8521011996	52033
502	-94.0	-8.20524204137e-16	0.199087873101	-25.2232149388	52128
503	-71.0	-8.20524204137e-16	0.141423255205	-30.9070319004	52200
504	-70.0	-8.20524204137e-16	0.288284808397	-30.252339939	52271
505	-96.0	-8.20524204137e-16	0.330196410418	-25.5389814279	52368
506	-62.0	-8.20524204137e-16	0.317368209362	-31.3584820732	52431
507	-181.0	-8.20524204137e-16	0.387290149927	-16.2716571888	52613
508	-164.0	-8.20524204137e-16	0.506977021694	-31.4371876919	52778
509	-85.0	-8.20524204137e-16	0.291147559881	-29.0118655881	52864
510	-142.0	-8.20524204137e-16	0.300436854362	-20.1374781682	53007
511	-99.0	-8.20524204137e-16	0.424626231194	-27.3747636902	53107
512	-136.0	-8.20524204137e-16	0.838051199913	-21.3523337447	53244
513	-188.0	-8.20524204137e-16	0.379122823477	-21.6841585302	53433
514	-87.0	-8.20524204137e-16	0.464689731598	-29.7871966768	53521
515	-116.0	-8.20524204137e-16	0.742641270161	-27.9507646856	53638
516	-104.0	-8.20524204137e-16	0.412679761648	-28.7186291592	53743
517	-86.0	-8.20524204137e-16	0.295573920012	-33.0437494695	53830
518	-108.0	-8.20524204137e-16	0.252702355385	-31.1249552861	53939
519	-83.0	-8.20524204137e-16	0.917917966843	-32.7643188863	54023
520	-107.0	-8.20524204137e-16	0.49873906374	-29.6574235779	54131
521	-70.0	-8.20524204137e-16	0.396660417318	-35.0156630127	54202
522	-62.0	-8.20524204137e-16	0.565227031708	-36.7053228257	54265
523	-82.0	-8.20524204137e-16	0.317245125771	-34.8067424236	54348
524	-103.0	-8.20524204137e-16	0.60559874773	-35.1374272867	54452
525	-104.0	-8.20524204137e-16	0.365746885538	-32.4206745057	54557
526	-124.0	-8.20524204137e-16	0.359438598156	-29.6343352747	54682
527	-88.0	-8.20524204137e-16	0.255242615938	-29.9770184528	54771
528	-100.0	-8.20524204137e-16	0.471275597811	-28.7257955523	54872
529	-103.0	-8.20524204137e-16	0.387668997049	-32.3447478608	54976
530	-72.0	-8.20524204137e-16	0.303574442863	-32.6440716541	55049
531	-75.0	-8.20524204137e-16	0.335190862417	-32.1159137158	55125
532	-96.0	-8.20524204137e-16	0.215089946985	-30.5455675881	55222
533	-70.0	-8.20524204137e-16	0.249916642904	-31.1725706265	55293
534	-71.0	-8.20524204137e-16	0.202437594533	-33.6436302662	55365
535	-97.0	-8.20524204137e-16	0.210123360157	-27.8023828092	55463
536	-106.0	-8.20524204137e-16	0.191365852952	-27.6600968665	55570
537	-89.0	-8.20524204137e-16	0.216995343566	-27.2498226153	55660
538	-75.0	-8.20524204137e-16	0.234370321035	-35.9186583946	55736
539	-91.0	-8.20524204137e-16	0.253360152245	-29.9915087171	55828
540	-101.0	-8.20524204137e-16	0.254582226276	-27.4962038556	55930
541	-102.0	-8.20524204137e-16	0.267753481865	-32.4682676526	56033
542	-200.0	-8.20524204137e-16	0.572479903698	-23.0912856007	56233
543	-200.0	-8.20524204137e-16	0.377677828074	-25.808249383	56433
544	-70.0	-8.20524204137e-16	0.568678081036	-32.2265079122	56504
545	-200.0	-8.20524204137e-16	0.305736035109	-15.7426193435	56704
546	-87.0	-8.20524204137e-16	0.335019677877	-30.5042577521	56792
547	-87.0	-8.20524204137e-16	0.708654403687	-30.8224077902	56880
548	-147.0	-8.20524204137e-16	0.485010415316	-23.4631334265	57028
549	-88.0	-8.20524204137e-16	0.615250408649	-28.0450816208	57117
550	-113.0	-8.20524204137e-16	0.306510955095	-29.5088334706	57231
551	-96.0	-8.20524204137e-16	0.167092978954	-23.0980747164	57328
552	-63.0	-8.20524204137e-16	0.352545559406	-31.8772827708	57392
553	-85.0	-8.20524204137e-16	0.200782999396	-30.8428700247	57478
554	-77.0	-8.20524204137e-16	0.239359974861	-28.330533976	57556
555	-63.0	-8.20524204137e-16	0.223461970687	-33.1746250689	57620
556	-62.0	-8.20524204137e-16	0.156241238117	-33.2398547331	57683
557	-85.0	-8.20524204137e-16	0.213964790106	-26.7860207253	57769
558	-62.0	-8.20524204137e-16	0.438174426556	-32.7396330569	57832
559	-126.0	-8.20524204137e-16	0.294916063547	-22.1709134154	57959
560	-64.0	-8.20524204137e-16	0.220900475979	-31.5761766324	58024
561	-94.0	-8.20524204137e-16	0.344915300608	-25.0874875803	58119
562	-75.0	-8.20524204137e-16	0.199536904693	-29.5531302659	58195
563	-92.0	-8.20524204137e-16	0.22126057744	-24.1097348512	58288
564	-121.0	-8.20524204137e-16	0.265008985996	-39.2623075892	58410
565	-104.0	-8.20524204137e-16	0.68285959959	-25.6976853453	58515
566	-91.0	-8.20524204137e-16	0.225303947926	-26.8336624114	58607
567	-91.0	-8.20524204137e-16	0.312365174294	-28.6961182622	58699
568	-63.0	-8.20524204137e-16	0.159308612347	-30.9485638738	58763
569	-127.0	-8.20524204137e-16	0.793328225613	-17.9376118213	58891
570	-72.0	-8.20524204137e-16	0.249792560935	-29.0158308499	58964
571	-76.0	-8.20524204137e-16	0.264846652746	-28.7956325141	59041
572	-98.0	-8.20524204137e-16	0.259211927652	-24.7587278708	59140
573	-71.0	-8.20524204137e-16	0.156202107668	-28.8959716939	59212
574	-109.0	-8.20524204137e-16	0.393867850304	-25.3295311017	59322
575	-78.0	-8.20524204137e-16	0.20176397264	-26.8831072623	59401
576	-63.0	-8.20524204137e-16	0.135339424014	-31.2191828787	59465
577	-81.0	-8.20524204137e-16	0.217368081212	-27.2476402012	59547
578	-101.0	-8.20524204137e-16	0.192163661122	-25.3324522592	59649
579	-96.0	-8.20524204137e-16	0.295318305492	-27.013814115	59746
580	-200.0	-8.20524204137e-16	0.380797386169	-22.1911261082	59946
581	-71.0	-8.20524204137e-16	0.257225692272	-29.5264676478	60018
582	-89.0	-8.20524204137e-16	0.339805752039	-26.5766582237	60108
583	-71.0	-8.20524204137e-16	0.430032104254	-26.4717756663	60180
584	-87.0	-8.20524204137e-16	0.273125737906	-26.7561223859	60268
585	-95.0	-8.20524204137e-16	0.291476637125	-24.5848931456	60364
586	-89.0	-8.20524204137e-16	0.369191706181	-21.8901825243	60454
587	-72.0	-8.20524204137e-16	0.242216944695	-26.6027493787	60527
588	-168.0	-8.20524204137e-16	0.30549788475	-14.0340417893	60696
589	-127.0	-8.20524204137e-16	0.567348480225	-26.2028381079	60824
590	-69.0	-8.20524204137e-16	0.552562892437	-28.0388974871	60894
591	-127.0	-8.20524204137e-16	0.483357697725	-27.0767493662	61022
592	-62.0	-8.20524204137e-16	0.378225386143	-31.1961162961	61085
593	-89.0	-8.20524204137e-16	0.419521540403	-26.1264717076	61175
594	-62.0	-8.20524204137e-16	0.414658367634	-31.7018237644	61238
595	-93.0	-8.20524204137e-16	0.261909991503	-28.1806496458	61332
596	-80.0	-8.20524204137e-16	0.373843193054	-27.3634513455	61413
597	-95.0	-8.20524204137e-16	0.370964705944	-27.6378256418	61509
598	-103.0	-8.20524204137e-16	0.359351038933	-23.7746349115	61613
599	-132.0	-8.20524204137e-16	0.605722904205	-20.4621474003	61746
600	-84.0	-8.20524204137e-16	0.321895390749	-25.9640757869	61831
601	-116.0	-8.20524204137e-16	0.357474893332	-23.2582075504	61948
602	-93.0	-8.20524204137e-16	0.443829804659	-26.1049364837	62042
603	-71.0	-8.20524204137e-16	0.198785826564	-30.3437031971	62114
604	-131.0	-8.20524204137e-16	0.33093893528	-27.5663802228	62246
605	-70.0	-8.20524204137e-16	0.207814797759	-30.8048202034	62317
606	-161.0	-8.20524204137e-16	0.475113213062	-24.7339359919	62479
607	-95.0	-8.20524204137e-16	0.294740229845	-34.7670949859	62575
608	-172.0	-8.20524204137e-16	0.242007032037	-30.502701124	62748
609	-70.0	-8.20524204137e-16	0.548862934113	-32.8884326236	62819
610	-81.0	-8.20524204137e-16	0.505685448647	-31.6991579474	62901
611	-144.0	-8.20524204137e-16	0.367132127285	-28.957172259	63046
612	-104.0	-8.20524204137e-16	0.300499022007	-26.8604596002	63151
613	-105.0	-8.20524204137e-16	0.29560688138	-30.982263799	63257
614	-78.0	-8.20524204137e-16	0.305656820536	-32.7237967117	63336
615	-123.0	-8.20524204137e-16	0.476912230253	-31.2232110846	63460
616	-99.0	-8.20524204137e-16	0.322377055883	-28.6121865416	63560
617	-85.0	-8.20524204137e-16	0.367043524981	-31.0471057393	63646
618	-98.0	-8.20524204137e-16	0.377611815929	-29.4026666874	63745
619	-78.0	-8.20524204137e-16	0.212591215968	-32.3624015277	63824
620	-78.0	-8.20524204137e-16	0.181750833988	-34.1150959353	63903
621	-72.0	-8.20524204137e-16	0.431458890438	-32.3803997922	63976
622	-90.0	-8.20524204137e-16	0.122612468898	-29.5155315072	64067
623	-75.0	-8.20524204137e-16	0.172023132443	-33.6392407088	64143
624	-122.0	-8.20524204137e-16	0.438701570034	-23.5598526042	64266
625	-93.0	-8.20524204137e-16	0.287309080362	-33.5943198787	64360
626	-137.0	-8.20524204137e-16	0.267811119556	-34.1466049727	64498
627	-69.0	-8.20524204137e-16	0.240883231163	-34.5103049074	64568
628	-200.0	-8.20524204137e-16	0.134339094162	-13.9242269261	64768
629	-82.0	-8.20524204137e-16	0.196501269937	-30.524349701	64851
630	-71.0	-8.20524204137e-16	0.127748474479	-30.9096374876	64923
631	-88.0	-8.20524204137e-16	0.123257063329	-26.6285327214	65012
632	-70.0	-8.20524204137e-16	0.133260950446	-29.3919071245	65083
633	-82.0	-8.20524204137e-16	0.118536032736	-29.4732024756	65166
634	-69.0	-8.20524204137e-16	0.106028340757	-31.6537842112	65236
635	-73.0	-8.20524204137e-16	0.203142285347	-30.0372710309	65310
636	-63.0	-8.20524204137e-16	0.106629580259	-33.6777781397	65374
637	-90.0	-8.20524204137e-16	0.118036814034	-26.1382858491	65465
638	-106.0	-8.20524204137e-16	0.14843095839	-23.9515075594	65572
639	-95.0	-8.20524204137e-16	0.138679549098	-24.8081712599	65668
640	-99.0	-8.20524204137e-16	0.122941166162	-28.3494224167	65768
641	-70.0	-8.20524204137e-16	0.151018440723	-35.6200749841	65839
642	-64.0	-8.20524204137e-16	0.127632915974	-33.7925393325	65904
643	-63.0	-8.20524204137e-16	0.331431478262	-34.6083801091	65968
644	-63.0	-8.20524204137e-16	0.165976941586	-33.7605482191	66032
645	-64.0	-8.20524204137e-16	0.13497209549	-31.9128019186	66097
646	-119.0	-8.20524204137e-16	0.28218537569	-24.001000051	66217
647	-80.0	-8.20524204137e-16	0.313827902079	-29.3273582839	66298
648	-72.0	-8.20524204137e-16	0.31737613678	-29.9361773942	66371
649	-122.0	-8.20524204137e-16	0.32216322422	-21.1923014115	66494
650	-72.0	-8.20524204137e-16	0.116448238492	-28.7013739005	66567
651	-84.0	-8.20524204137e-16	0.327544569969	-27.0258216353	66652
652	-133.0	-8.20524204137e-16	0.207301050425	-30.3524689657	66786
653	-89.0	-8.20524204137e-16	0.402508169413	-24.8438920352	66876
654	-95.0	-8.20524204137e-16	0.242337971926	-24.1456876198	66972
655	-105.0	-8.20524204137e-16	0.326507598162	-24.5924453016	67078
656	-148.0	-8.20524204137e-16	0.272014349699	-27.4245641668	67227
657	-62.0	-8.20524204137e-16	0.244455009699	-30.8951131862	67290
658	-86.0	-8.20524204137e-16	0.314519256353	-30.024540967	67377
659	-63.0	-8.20524204137e-16	0.482656955719	-32.7665472254	67441
660	-102.0	-8.20524204137e-16	0.198570638895	-27.3887389638	67544
661	-180.0	-8.20524204137e-16	0.582130670547	-13.7447978228	67725
662	-70.0	-8.20524204137e-16	0.700627028942	-31.8889433364	67796
663	-98.0	-8.20524204137e-16	0.687798500061	-26.3795176287	67895
664	-163.0	-8.20524204137e-16	0.276898384094	-28.5220429599	68059
665	-74.0	-8.20524204137e-16	0.332264006138	-30.6171009382	68134
666	-108.0	-8.20524204137e-16	0.36741912365	-27.2888196707	68243
667	-104.0	-8.20524204137e-16	0.259027183056	-28.2857895136	68348
668	-105.0	-8.20524204137e-16	0.301969587803	-25.5908514332	68454
669	-102.0	-8.20524204137e-16	0.215766683221	-23.1482455742	68557
670	-80.0	-8.20524204137e-16	0.24462300539	-29.4609970634	68638
671	-80.0	-8.20524204137e-16	0.254316329956	-30.190557527	68719
672	-120.0	-8.20524204137e-16	0.27364641428	-24.215722088	68840
673	-80.0	-8.20524204137e-16	0.20827947557	-29.9198161967	68921
674	-101.0	-8.20524204137e-16	0.2231900841	-27.4561490755	69023
675	-101.0	-8.20524204137e-16	0.166436672211	-26.9342762547	69125
676	-106.0	-8.20524204137e-16	0.258923619986	-23.9739678151	69232
677	-75.0	-8.20524204137e-16	0.285191297531	-32.5940823273	69308
678	-120.0	-8.20524204137e-16	0.129106268287	-25.7685537656	69429
679	-91.0	-8.20524204137e-16	0.240161493421	-34.1958148687	69521
680	-96.0	-8.20524204137e-16	0.315760612488	-28.2370545815	69618
681	-91.0	-8.20524204137e-16	0.251078605652	-35.0063814028	69710
682	-147.0	-8.20524204137e-16	0.264138907194	-36.1436255929	69858
683	-86.0	-8.20524204137e-16	0.251260191202	-32.2652405048	69945
684	-89.0	-8.20524204137e-16	0.201446294785	-34.5455329008	70035
685	-89.0	-8.20524204137e-16	0.236450329423	-33.9101079623	70125
686	-79.0	-8.20524204137e-16	0.131102517247	-28.7529803038	70205
687	-84.0	-8.20524204137e-16	0.22969172895	-29.6397101914	70290
688	-72.0	-8.20524204137e-16	0.0909728035331	-31.181596191	70363
689	-102.0	-8.20524204137e-16	0.125065818429	-24.9327255644	70466
690	-83.0	-8.20524204137e-16	0.136004835367	-29.4689104642	70550
691	-73.0	-8.20524204137e-16	0.0840338394046	-31.3197824375	70624
692	-192.0	-8.20524204137e-16	0.600341975689	-11.873075516	70817
693	-88.0	-8.20524204137e-16	0.154226064682	-26.703950389	70906
694	-103.0	-8.20524204137e-16	0.0939804688096	-22.5698262977	71010
695	-108.0	-8.20524204137e-16	0.239154517651	-23.4378505923	71119
696	-110.0	-8.20524204137e-16	0.240850448608	-34.6707443031	71230
697	-120.0	-8.20524204137e-16	0.245288312435	-34.005635163	71351
698	-90.0	-8.20524204137e-16	0.186208128929	-31.3046523031	71442
699	-81.0	-8.20524204137e-16	0.46240824461	-28.9902007551	71524
700	-92.0	-8.20524204137e-16	0.228060558438	-26.8438326607	71617
701	-102.0	-8.20524204137e-16	0.407206296921	-24.8297600758	71720
702	-105.0	-8.20524204137e-16	0.281565845013	-22.2229353673	71826
703	-71.0	-8.20524204137e-16	0.284228265285	-29.966180438	71898
704	-91.0	-8.20524204137e-16	0.129472732544	-28.1298233867	71990
705	-88.0	-8.20524204137e-16	0.195302397013	-27.3576778227	72079
706	-75.0	-8.20524204137e-16	0.126203611493	-29.7542185093	72155
707	-69.0	-8.20524204137e-16	0.171676307917	-30.7791659083	72225
708	-72.0	-8.20524204137e-16	0.198386520147	-28.7295607757	72298
709	-84.0	-8.20524204137e-16	0.141069188714	-27.3289946163	72383
710	-89.0	-8.20524204137e-16	0.330716639757	-26.4355284148	72473
711	-107.0	-8.20524204137e-16	0.235710471869	-24.6658202277	72581
712	-62.0	-8.20524204137e-16	0.0949201509356	-33.9871113868	72644
713	-72.0	-8.20524204137e-16	0.174118697643	-30.4767449196	72717
714	-148.0	-8.20524204137e-16	0.163535252213	-26.3581294965	72866
715	-85.0	-8.20524204137e-16	0.328698754311	-28.2729009639	72952
716	-105.0	-8.20524204137e-16	0.220773220062	-23.8835006671	73058
717	-70.0	-8.20524204137e-16	0.213555172086	-31.1237313344	73129
718	-90.0	-8.20524204137e-16	0.175841331482	-28.5510546087	73220
719	-200.0	-8.20524204137e-16	0.229274496436	-7.79090548232	73420
720	-63.0	-8.20524204137e-16	0.394009768963	-32.4368251823	73484
721	-71.0	-8.20524204137e-16	0.654173433781	-29.3264457294	73556
722	-72.0	-8.20524204137e-16	0.136005461216	-28.6741784068	73629
723	-92.0	-8.20524204137e-16	0.176970377564	-25.7730547872	73722
724	-63.0	-8.20524204137e-16	0.117977395654	-31.6851207986	73786
725	-71.0	-8.20524204137e-16	0.159810572863	-29.3551496367	73858
726	-73.0	-8.20524204137e-16	0.128664091229	-31.272820215	73932
727	-63.0	-8.20524204137e-16	0.139177322388	-31.7117877007	73996
728	-102.0	-8.20524204137e-16	0.249990001321	-23.2800218541	74099
729	-83.0	-8.20524204137e-16	0.191969439387	-27.3884827282	74183
730	-62.0	-8.20524204137e-16	0.203265234828	-31.5742110033	74246
731	-75.0	-8.20524204137e-16	0.180173248053	-31.6001201241	74322
732	-92.0	-8.20524204137e-16	0.270354092121	-25.8436873164	74415
733	-71.0	-8.20524204137e-16	0.254976063967	-31.3103847437	74487
734	-143.0	-8.20524204137e-16	0.260695099831	-16.2837947537	74631
735	-87.0	-8.20524204137e-16	0.195154070854	-27.0588698536	74719
736	-112.0	-8.20524204137e-16	0.403376072645	-27.0462228761	74832
737	-86.0	-8.20524204137e-16	0.240365296602	-30.0431356704	74919
738	-68.0	-8.20524204137e-16	0.240066200495	-33.9103709235	74988
739	-82.0	-8.20524204137e-16	0.18012444675	-28.2692159687	75071
740	-90.0	-8.20524204137e-16	0.181756988168	-33.5208658805	75162
741	-95.0	-8.20524204137e-16	0.229929968715	-28.6280192956	75258
742	-87.0	-8.20524204137e-16	0.207837536931	-31.6225151284	75346
743	-84.0	-8.20524204137e-16	0.18100951612	-27.8268334929	75431
744	-86.0	-8.20524204137e-16	0.328681081533	-26.7559184552	75518
745	-87.0	-8.20524204137e-16	0.200324356556	-28.4726927355	75606
746	-99.0	-8.20524204137e-16	0.140996739268	-28.8456429222	75706
747	-87.0	-8.20524204137e-16	0.118427276611	-29.1765764627	75794
748	-109.0	-8.20524204137e-16	0.117808520794	-28.8737325083	75904
749	-136.0	-8.20524204137e-16	0.16730517149	-31.7458058552	76041
750	-122.0	-8.20524204137e-16	0.09724714607	-33.4715668215	76164
751	-74.0	-8.20524204137e-16	0.116144254804	-30.2329041799	76239
752	-88.0	-8.20524204137e-16	0.17248955369	-25.7250157394	76328
753	-103.0	-8.20524204137e-16	0.108639553189	-25.0675038065	76432
754	-89.0	-8.20524204137e-16	0.10281521827	-26.7628192153	76522
755	-112.0	-8.20524204137e-16	0.132796213031	-26.9751662855	76635
756	-90.0	-8.20524204137e-16	0.115936264396	-27.5280307649	76726
757	-115.0	-8.20524204137e-16	0.183484897017	-28.047634143	76842
758	-63.0	-8.20524204137e-16	0.251626044512	-35.1603558511	76906
759	-83.0	-8.20524204137e-16	0.263522773981	-29.6660322689	76990
760	-77.0	-8.20524204137e-16	0.186631590128	-34.8558621651	77068
761	-131.0	-8.20524204137e-16	0.550062417984	-30.591917821	77200
762	-151.0	-8.20524204137e-16	0.46686527133	-21.3113290034	77352
763	-149.0	-8.20524204137e-16	0.272359997034	-31.8131919273	77502
764	-101.0	-8.20524204137e-16	0.212958976626	-31.3041542345	77604
765	-109.0	-8.20524204137e-16	0.406829446554	-23.7494415511	77714
766	-137.0	-8.20524204137e-16	0.389849513769	-22.647530532	77852
767	-90.0	-8.20524204137e-16	0.287382483482	-28.2036126734	77943
768	-130.0	-8.20524204137e-16	0.408662825823	-24.0472450912	78074
769	-87.0	-8.20524204137e-16	0.281925678253	-27.4658139429	78162
770	-88.0	-8.20524204137e-16	0.196341827512	-28.6530444863	78251
771	-84.0	-8.20524204137e-16	0.193694725633	-30.637218868	78336
772	-104.0	-8.20524204137e-16	0.33588346839	-28.1847691127	78441
773	-112.0	-8.20524204137e-16	0.246674671769	-22.6623082868	78554
774	-77.0	-8.20524204137e-16	0.392655491829	-34.7164511681	78632
775	-109.0	-8.20524204137e-16	0.174659475684	-28.360360993	78742
776	-92.0	-8.20524204137e-16	0.283795803785	-30.1911453303	78835
777	-121.0	-8.20524204137e-16	0.181965574622	-35.9987942488	78957
778	-84.0	-8.20524204137e-16	0.157684460282	-32.9036376617	79042
779	-98.0	-8.20524204137e-16	0.221800029278	-30.4460430964	79141
780	-93.0	-8.20524204137e-16	0.217924684286	-32.726702718	79235
781	-168.0	-8.20524204137e-16	0.406078934669	-17.6543598239	79404
782	-76.0	-8.20524204137e-16	0.332982838154	-34.2561811038	79481
783	-79.0	-8.20524204137e-16	0.24253860116	-32.3315426864	79561
784	-94.0	-8.20524204137e-16	0.18078699708	-28.9103286304	79656
785	-99.0	-8.20524204137e-16	0.116260759532	-29.7603077865	79756
786	-72.0	-8.20524204137e-16	0.12614607811	-34.4508218455	79829
787	-94.0	-8.20524204137e-16	0.238263934851	-28.3248563164	79924
788	-92.0	-8.20524204137e-16	0.201347202063	-27.8593849956	80017
789	-100.0	-8.20524204137e-16	0.158035874367	-35.9658937596	80118
790	-92.0	-8.20524204137e-16	0.133252605796	-28.3946056584	80211
791	-89.0	-8.20524204137e-16	0.112940125167	-31.3331162135	80301
792	-75.0	-8.20524204137e-16	0.136521086097	-33.2931726575	80377
793	-96.0	-8.20524204137e-16	0.12491415441	-27.6965736605	80474
794	-85.0	-8.20524204137e-16	0.275728732347	-29.9542303168	80560
795	-102.0	-8.20524204137e-16	0.103268601	-27.7636409764	80663
796	-85.0	-8.20524204137e-16	0.122681468725	-31.4925267433	80749
797	-105.0	-8.20524204137e-16	0.120478846133	-25.7046019812	80855
798	-200.0	-8.20524204137e-16	0.25052946806	-11.7584275086	81055
799	-110.0	-8.20524204137e-16	0.274644941092	-25.6010221071	81166
800	-76.0	-8.20524204137e-16	0.0916314199567	-30.6489989479	81243
801	-92.0	-8.20524204137e-16	0.12338899076	-27.2047739285	81336
802	-71.0	-8.20524204137e-16	0.198133781552	-31.6179204347	81408
803	-91.0	-8.20524204137e-16	0.316969335079	-30.8059260249	81500
804	-79.0	-8.20524204137e-16	0.168097108603	-31.9215477522	81580
805	-80.0	-8.20524204137e-16	0.366631418467	-32.9664728259	81661
806	-184.0	-8.20524204137e-16	0.234337031841	-22.0763992155	81846
807	-101.0	-8.20524204137e-16	0.306285589933	-27.3691093992	81948
808	-102.0	-8.20524204137e-16	0.240864634514	-27.3418191058	82051
809	-64.0	-8.20524204137e-16	0.214418187737	-32.6627442727	82116
810	-63.0	-8.20524204137e-16	0.369724243879	-32.381156452	82180
811	-64.0	-8.20524204137e-16	0.342689543962	-32.9923947921	82245
812	-106.0	-8.20524204137e-16	0.451486051083	-24.2459905682	82352
813	-86.0	-8.20524204137e-16	0.603814005852	-28.4826197049	82439
814	-87.0	-8.20524204137e-16	0.335432231426	-28.9424250431	82527
815	-108.0	-8.20524204137e-16	0.384825944901	-24.8983992541	82636
816	-105.0	-8.20524204137e-16	0.492562651634	-25.3539795381	82742
817	-72.0	-8.20524204137e-16	0.457699328661	-28.7664370439	82815
818	-86.0	-8.20524204137e-16	0.305010616779	-25.6890315359	82902
819	-62.0	-8.20524204137e-16	0.320252597332	-30.7790071321	82965
820	-101.0	-8.20524204137e-16	0.308917105198	-25.0359597878	83067
821	-197.0	-8.20524204137e-16	0.370079606771	-24.482791605	83265
822	-64.0	-8.20524204137e-16	2.08163666725	-30.7234162065	83330
823	-103.0	-8.20524204137e-16	0.654023647308	-28.2244566175	83434
824	-95.0	-8.20524204137e-16	0.567638158798	-26.0385108354	83530
825	-112.0	-8.20524204137e-16	0.412236481905	-23.8038558926	83643
826	-100.0	-8.20524204137e-16	0.393702298403	-26.6696593219	83744
827	-89.0	-8.20524204137e-16	0.23835337162	-31.9125494036	83834
828	-123.0	-8.20524204137e-16	0.355304062366	-23.5092862102	83958
829	-105.0	-8.20524204137e-16	0.184902504086	-27.2403429927	84064
830	-83.0	-8.20524204137e-16	0.208023115993	-30.6389936265	84148
831	-100.0	-8.20524204137e-16	0.237981691957	-27.3829605178	84249
832	-63.0	-8.20524204137e-16	0.262499183416	-36.3471443057	84313
833	-103.0	-8.20524204137e-16	0.715606153011	-29.9617914706	84417
834	-64.0	-8.20524204137e-16	0.346665143967	-36.3457642188	84482
835	-102.0	-8.20524204137e-16	0.232332363725	-28.3053188278	84585
836	-63.0	-8.20524204137e-16	0.201460212469	-36.5120897889	84649
837	-87.0	-8.20524204137e-16	0.344922214746	-29.4764140628	84737
838	-165.0	-8.20524204137e-16	0.727812230587	-21.7236288111	84903
839	-79.0	-8.20524204137e-16	0.417439341545	-34.1130143382	84983
840	-77.0	-8.20524204137e-16	0.661682367325	-33.3163246998	85061
841	-188.0	-8.20524204137e-16	0.280010133982	-25.0228215059	85250
842	-85.0	-8.20524204137e-16	0.596046686172	-30.3172821001	85336
843	-91.0	-8.20524204137e-16	0.442356407642	-30.8717981953	85428
844	-94.0	-8.20524204137e-16	0.72381746769	-25.482757872	85523
845	-96.0	-8.20524204137e-16	0.376051455736	-24.7249666336	85620
846	-94.0	-8.20524204137e-16	0.481953173876	-25.1848587268	85715
847	-103.0	-8.20524204137e-16	0.332658946514	-26.4091350299	85819
848	-98.0	-8.20524204137e-16	0.492139935493	-28.8982842402	85918
849	-131.0	-8.20524204137e-16	0.352661281824	-25.963541086	86050
850	-93.0	-8.20524204137e-16	0.484894007444	-30.9796470974	86144
851	-94.0	-8.20524204137e-16	0.285292983055	-38.3367730492	86239
852	-88.0	-8.20524204137e-16	0.292850136757	-24.361144822	86328
853	-84.0	-8.20524204137e-16	0.277195185423	-28.2154839768	86413
854	-150.0	-8.20524204137e-16	0.624514997005	-22.8196566369	86564
855	-124.0	-8.20524204137e-16	0.189815282822	-26.514836998	86689
856	-64.0	-8.20524204137e-16	0.526858091354	-34.7021868706	86754
857	-105.0	-8.20524204137e-16	1.08546125889	-29.3527613001	86860
858	-69.0	-8.20524204137e-16	0.233473688364	-34.0647729942	86930
859	-68.0	-8.20524204137e-16	0.319393247366	-35.1288915648	86999
860	-87.0	-8.20524204137e-16	0.498104244471	-29.9910325056	87087
861	-69.0	-8.20524204137e-16	0.342000722885	-35.3766241653	87157
862	-83.0	-8.20524204137e-16	0.342881679535	-29.0184516169	87241
863	-85.0	-8.20524204137e-16	0.515865027905	-30.294729413	87327
864	-91.0	-8.20524204137e-16	0.50667399168	-33.059963926	87419
865	-103.0	-8.20524204137e-16	0.499294728041	-28.4674854829	87523
866	-115.0	-8.20524204137e-16	0.364445567131	-21.2724398837	87639
867	-96.0	-8.20524204137e-16	0.379903018475	-23.3354315122	87736
868	-82.0	-8.20524204137e-16	0.256656050682	-28.9294319814	87819
869	-87.0	-8.20524204137e-16	0.447009772062	-25.7071879398	87907
870	-76.0	-8.20524204137e-16	0.250342398882	-28.630240044	87984
871	-121.0	-8.20524204137e-16	0.215414404869	-18.716593842	88106
872	-89.0	-8.20524204137e-16	0.201593339443	-28.173053352	88196
873	-78.0	-8.20524204137e-16	0.362018227577	-27.704657274	88275
874	-83.0	-8.20524204137e-16	0.208455324173	-33.600556805	88359
875	-174.0	-8.20524204137e-16	0.458494663239	-22.4612340171	88534
876	-106.0	-8.20524204137e-16	0.367294043303	-29.4579715506	88641
877	-93.0	-8.20524204137e-16	0.533806741238	-28.4091758525	88735
878	-88.0	-8.20524204137e-16	0.420079648495	-32.2441991648	88824
879	-67.0	-8.20524204137e-16	0.263951927423	-31.0079151602	88892
880	-62.0	-8.20524204137e-16	0.234388127923	-34.2621069172	88955
881	-70.0	-8.20524204137e-16	0.213651195168	-34.0415757139	89026
882	-90.0	-8.20524204137e-16	0.259258747101	-27.8810745962	89117
883	-73.0	-8.20524204137e-16	0.158721834421	-33.0699336287	89191
884	-80.0	-8.20524204137e-16	0.461515545845	-29.568976367	89272
885	-89.0	-8.20524204137e-16	0.2050460428	-28.1805427498	89362
886	-86.0	-8.20524204137e-16	0.361882507801	-33.2926795469	89449
887	-74.0	-8.20524204137e-16	0.211637347937	-30.1705971456	89524
888	-100.0	-8.20524204137e-16	0.193990245461	-29.3735564841	89625
889	-106.0	-8.20524204137e-16	0.288583308458	-20.7173508684	89732
890	-83.0	-8.20524204137e-16	0.221545949578	-28.7008668241	89816
891	-123.0	-8.20524204137e-16	0.536131322384	-28.5210186974	89940
892	-93.0	-8.20524204137e-16	0.194412007928	-21.4829449444	90034
893	-63.0	-8.20524204137e-16	0.313416033983	-29.7697838126	90098
894	-75.0	-8.20524204137e-16	0.156104400754	-27.9765482827	90174
895	-77.0	-8.20524204137e-16	0.135619044304	-27.9678982802	90252
896	-87.0	-8.20524204137e-16	0.139283135533	-24.5682704828	90340
897	-95.0	-8.20524204137e-16	0.131902083755	-24.3776615659	90436
898	-83.0	-8.20524204137e-16	0.111186310649	-25.7829954979	90520
899	-87.0	-8.20524204137e-16	0.170530185103	-25.3057977395	90608
900	-110.0	-8.20524204137e-16	0.255220353603	-24.0610167441	90719
901	-88.0	-8.20524204137e-16	0.140810072422	-27.1337682129	90808
902	-102.0	-8.20524204137e-16	0.209014728665	-25.5719689559	90911
903	-78.0	-8.20524204137e-16	0.285739034414	-31.1613373274	90990
904	-104.0	-8.20524204137e-16	0.324901998043	-27.8140257563	91095
905	-69.0	-8.20524204137e-16	0.30028873682	-33.3177225901	91165
906	-78.0	-8.20524204137e-16	0.195765957236	-31.554995765	91244
907	-75.0	-8.20524204137e-16	0.237947419286	-33.4408412795	91320
908	-109.0	-8.20524204137e-16	0.241723552346	-31.280337377	91430
909	-150.0	-8.20524204137e-16	0.295796185732	-26.722722723	91581
910	-73.0	-8.20524204137e-16	0.325335532427	-36.0639040212	91655
911	-80.0	-8.20524204137e-16	0.721491396427	-33.0384401905	91736
912	-79.0	-8.20524204137e-16	0.412079632282	-32.5744532786	91816
913	-105.0	-8.20524204137e-16	0.302472889423	-30.2677419163	91922
914	-118.0	-8.20524204137e-16	0.477138876915	-25.0487097832	92041
915	-106.0	-8.20524204137e-16	0.41794154048	-28.0787691346	92148
916	-76.0	-8.20524204137e-16	0.242415308952	-30.9743164329	92225
917	-84.0	-8.20524204137e-16	0.480973094702	-28.7013608007	92310
918	-115.0	-8.20524204137e-16	0.302078664303	-29.6457183186	92426
919	-83.0	-8.20524204137e-16	0.326950281858	-29.1924796331	92510
920	-79.0	-8.20524204137e-16	0.237493559718	-29.9439127967	92590
921	-73.0	-8.20524204137e-16	0.134430795908	-29.6835039927	92664
922	-91.0	-8.20524204137e-16	0.125453814864	-25.6856381401	92756
923	-166.0	-8.20524204137e-16	0.217596307397	-23.8367518078	92923
924	-88.0	-8.20524204137e-16	0.150539383292	-26.7634890803	93012
925	-120.0	-8.20524204137e-16	0.47177618742	-24.2483119019	93133
926	-80.0	-8.20524204137e-16	0.213139891624	-28.5297889606	93214
927	-85.0	-8.20524204137e-16	0.170498162508	-27.0609160426	93300
928	-200.0	-8.20524204137e-16	0.313339143991	-5.45097395152	93500
929	-95.0	-8.20524204137e-16	0.259435594082	-27.3551054268	93596
930	-64.0	-8.20524204137e-16	0.156565919518	-33.4461948395	93661
931	-104.0	-8.20524204137e-16	0.186776503921	-26.0871984913	93766
932	-90.0	-8.20524204137e-16	0.298828870058	-29.9071790779	93857
933	-71.0	-8.20524204137e-16	0.240690439939	-31.2995112207	93929
934	-84.0	-8.20524204137e-16	0.318704515696	-29.3988545895	94014
935	-63.0	-8.20524204137e-16	0.30898424983	-33.9725173172	94078
936	-63.0	-8.20524204137e-16	0.144955933094	-34.6293517649	94142
937	-71.0	-8.20524204137e-16	0.237925618887	-32.2900998924	94214
938	-79.0	-8.20524204137e-16	0.265453517437	-30.0586882293	94294
939	-93.0	-8.20524204137e-16	0.402994185686	-27.4379391765	94388
940	-95.0	-8.20524204137e-16	0.300537258387	-25.3748154019	94484
941	-85.0	-8.20524204137e-16	0.221937328577	-28.022232606	94570
942	-157.0	-8.20524204137e-16	0.264245212078	-19.7532548239	94728
943	-70.0	-8.20524204137e-16	0.449471175671	-28.8304592623	94799
944	-102.0	-8.20524204137e-16	0.289153724909	-25.668837523	94902
945	-112.0	-8.20524204137e-16	0.652349472046	-28.1861131592	95015
946	-72.0	-8.20524204137e-16	0.167042613029	-29.0763026721	95088
947	-102.0	-8.20524204137e-16	0.276025921106	-27.6060547921	95191
948	-79.0	-8.20524204137e-16	0.116415187716	-29.2279073432	95271
949	-64.0	-8.20524204137e-16	0.172277674079	-31.8531600292	95336
950	-97.0	-8.20524204137e-16	0.290988594294	-27.6868640707	95434
951	-85.0	-8.20524204137e-16	0.229033455253	-30.0332295451	95520
952	-79.0	-8.20524204137e-16	0.425122052431	-29.3017739382	95600
953	-72.0	-8.20524204137e-16	0.217570573092	-29.3018040788	95673
954	-93.0	-8.20524204137e-16	0.214775949717	-27.3322396798	95767
955	-100.0	-8.20524204137e-16	0.277337610722	-22.6325696471	95868
956	-71.0	-8.20524204137e-16	0.34417912364	-30.0324807432	95940
957	-81.0	-8.20524204137e-16	0.180170580745	-31.6690997321	96022
958	-91.0	-8.20524204137e-16	0.331887423992	-33.5114983592	96114
959	-72.0	-8.20524204137e-16	0.193041533232	-31.3050767465	96187
960	-110.0	-8.20524204137e-16	0.266908407211	-30.8348328906	96298
961	-113.0	-8.20524204137e-16	0.288161724806	-23.9058354005	96412
962	-70.0	-8.20524204137e-16	0.192542806268	-33.6989590081	96483
963	-76.0	-8.20524204137e-16	0.272874593735	-32.3619525525	96560
964	-91.0	-8.20524204137e-16	0.179779306054	-28.9428178571	96652
965	-91.0	-8.20524204137e-16	0.174737647176	-31.4132301535	96744
966	-81.0	-8.20524204137e-16	0.140307113528	-30.7402294656	96826
967	-62.0	-8.20524204137e-16	0.234698593616	-35.2074430557	96889
968	-92.0	-8.20524204137e-16	0.183316066861	-27.4451837386	96982
969	-77.0	-8.20524204137e-16	0.165797919035	-29.3822599191	97060
970	-62.0	-8.20524204137e-16	0.206779018044	-33.3907795407	97123
971	-93.0	-8.20524204137e-16	0.353833168745	-37.4546391736	97217
972	-69.0	-8.20524204137e-16	0.0924539193511	-30.8037761322	97287
973	-150.0	-8.20524204137e-16	0.243066027761	-18.5346918556	97438
974	-73.0	-8.20524204137e-16	0.367235958576	-27.8306910086	97512
975	-99.0	-8.20524204137e-16	0.604812204838	-25.5788557947	97612
976	-98.0	-8.20524204137e-16	0.723187208176	-24.3904523007	97711
977	-87.0	-8.20524204137e-16	0.360737621784	-27.6189078634	97799
978	-70.0	-8.20524204137e-16	0.347254097462	-29.9684290953	97870
979	-103.0	-8.20524204137e-16	0.295892328024	-28.7324113341	97974
980	-103.0	-8.20524204137e-16	0.395318567753	-22.6295915412	98078
981	-62.0	-8.20524204137e-16	0.330279320478	-28.7964392787	98141
982	-71.0	-8.20524204137e-16	0.208480864763	-28.9552069012	98213
983	-92.0	-8.20524204137e-16	0.340967029333	-25.7347646349	98306
984	-94.0	-8.20524204137e-16	0.390704274178	-26.2390264913	98401
985	-85.0	-8.20524204137e-16	0.191822618246	-26.7237246522	98487
986	-74.0	-8.20524204137e-16	0.282559365034	-30.5463762538	98562
987	-91.0	-8.20524204137e-16	0.320251554251	-26.7449601008	98654
988	-94.0	-8.20524204137e-16	0.251875311136	-25.0064559133	98749
989	-84.0	-8.20524204137e-16	0.412577271461	-30.4756346562	98834
990	-76.0	-8.20524204137e-16	0.220272317529	-29.3063010457	98911
991	-77.0	-8.20524204137e-16	0.238204777241	-28.5815068392	98989
992	-94.0	-8.20524204137e-16	0.161780238152	-24.2935499279	99084
993	-83.0	-8.20524204137e-16	0.157268345356	-25.332097018	99168
994	-93.0	-8.20524204137e-16	0.226447194815	-24.7880236589	99262
995	-77.0	-8.20524204137e-16	0.295284032822	-30.5445640454	99340
996	-86.0	-8.20524204137e-16	0.292318552732	-26.4661635366	99427
997	-87.0	-8.20524204137e-16	0.321422785521	-22.9216999263	99515
998	-62.0	-8.20524204137e-16	0.128159373999	-32.3197900757	99578
999	-92.0	-8.20524204137e-16	0.254664689302	-24.9402000471	99671
