0	-200.0	1	0	0.0	200
1	-200.0	1	0	0.0	400
2	-200.0	1	0	0.0	600
3	-200.0	1	0	0.0	800
4	-200.0	1	0	0.0	1000
5	-200.0	0.905	0.00992105528712	-0.348037866354	1200
6	-200.0	0.805	0.086502790451	-2.18978093624	1400
7	-200.0	0.705	0.102978743613	-3.59219955444	1600
8	-169.0	0.62	0.783074736595	-5.37152560108	1770
9	-155.0	0.54	0.707484304905	-8.08774778935	1926
10	-200.0	0.44	1.01451349258	-12.3792988735	2126
11	-145.0	0.365	1.26340663433	-10.3872609988	2272
12	-171.0	0.28	0.706932902336	-15.3174033553	2444
13	-117.0	0.22	0.836364150047	-16.3442939136	2562
14	-157.0	0.145	0.655281066895	-19.071083428	2720
15	-102.0	0.09	0.6916924119	-23.0621745285	2823
16	-126.0	0.03	0.718854188919	-18.1512701192	2950
17	-82.0	-8.20524204137e-16	1.19063901901	-23.1113644968	3033
18	-111.0	-8.20524204137e-16	0.677674651146	-27.2627456103	3145
19	-143.0	-8.20524204137e-16	0.611388802528	-25.7991837064	3289
20	-97.0	-8.20524204137e-16	0.336905121803	-25.648245938	3387
21	-144.0	-8.20524204137e-16	0.642130553722	-24.1150775844	3532
22	-165.0	-8.20524204137e-16	1.49321067333	-27.4335772905	3698
23	-148.0	-8.20524204137e-16	0.846984446049	-27.9376411886	3847
24	-138.0	-8.20524204137e-16	0.838674664497	-28.2325090367	3986
25	-166.0	-8.20524204137e-16	0.943172812462	-25.6222772541	4153
26	-155.0	-8.20524204137e-16	1.47120332718	-29.7584410214	4309
27	-163.0	-8.20524204137e-16	0.739875376225	-34.2821538477	4473
28	-136.0	-8.20524204137e-16	0.553325533867	-31.2575129627	4610
29	-148.0	-8.20524204137e-16	0.52555090189	-31.3059868157	4759
30	-86.0	-8.20524204137e-16	0.432722210884	-36.4745831544	4846
31	-132.0	-8.20524204137e-16	0.547559499741	-36.1659637681	4979
32	-119.0	-8.20524204137e-16	0.738161444664	-33.3673549493	5099
33	-110.0	-8.20524204137e-16	0.883819162846	-32.4525379469	5210
34	-141.0	-8.20524204137e-16	0.486899405718	-38.8682256887	5352
35	-106.0	-8.20524204137e-16	0.581554234028	-38.7623874629	5459
36	-94.0	-8.20524204137e-16	0.796430408955	-41.8892731114	5554
37	-84.0	-8.20524204137e-16	0.542804777622	-38.903101304	5639
38	-98.0	-8.20524204137e-16	0.547342896461	-34.9770101345	5738
39	-97.0	-8.20524204137e-16	0.700398385525	-32.0434491829	5836
40	-121.0	-8.20524204137e-16	0.674328684807	-37.5097019946	5958
41	-114.0	-8.20524204137e-16	0.67480045557	-35.4657416468	6073
42	-93.0	-8.20524204137e-16	0.955524802208	-36.5157575557	6167
43	-80.0	-8.20524204137e-16	0.448525846004	-35.1544392492	6248
44	-127.0	-8.20524204137e-16	0.525692164898	-29.057547987	6376
45	-109.0	-8.20524204137e-16	0.506989896297	-32.3000014479	6486
46	-101.0	-8.20524204137e-16	0.652210116386	-33.0118015701	6588
47	-125.0	-8.20524204137e-16	0.615166246891	-40.0209280688	6714
48	-64.0	-8.20524204137e-16	1.19063866138	-36.6074766893	6779
49	-91.0	-8.20524204137e-16	0.530672907829	-29.6323325427	6871
50	-98.0	-8.20524204137e-16	0.522598862648	-34.5542050468	6970
51	-109.0	-8.20524204137e-16	1.04162085056	-30.6954663277	7080
52	-85.0	-8.20524204137e-16	0.480609178543	-34.4453424576	7166
53	-84.0	-8.20524204137e-16	0.952565014362	-29.4101320323	7251
54	-94.0	-8.20524204137e-16	0.49597749114	-29.3956010941	7346
55	-85.0	-8.20524204137e-16	0.603314638138	-34.2431115328	7432
56	-135.0	-8.20524204137e-16	0.3592903018	-19.5984946384	7568
57	-92.0	-8.20524204137e-16	0.514113903046	-26.8639069382	7661
58	-114.0	-8.20524204137e-16	0.709655046463	-30.4694940484	7776
59	-84.0	-8.20524204137e-16	0.461928665638	-29.4379542814	7861
60	-85.0	-8.20524204137e-16	0.365089982748	-29.9571936075	7947
61	-100.0	-8.20524204137e-16	0.73909676075	-31.0588501326	8048
62	-79.0	-8.20524204137e-16	0.39381301403	-31.283551681	8128
63	-104.0	-8.20524204137e-16	0.432412832975	-28.9032101035	8233
64	-106.0	-8.20524204137e-16	0.38990598917	-29.6583378357	8340
65	-109.0	-8.20524204137e-16	0.296238064766	-26.3244100549	8450
66	-75.0	-8.20524204137e-16	0.310426175594	-34.2575281294	8526
67	-62.0	-8.20524204137e-16	0.304098308086	-34.8841682918	8589
68	-101.0	-8.20524204137e-16	0.269371330738	-28.0084765986	8691
69	-99.0	-8.20524204137e-16	0.475914865732	-28.0190146959	8791
70	-63.0	-8.20524204137e-16	0.724063336849	-34.7586009502	8855
71	-95.0	-8.20524204137e-16	0.458169609308	-27.8516694158	8951
72	-100.0	-8.20524204137e-16	0.51912856102	-28.489170135	9052
73	-82.0	-8.20524204137e-16	0.49181753397	-32.375588667	9135
74	-97.0	-8.20524204137e-16	0.458541870117	-31.7389054834	9233
75	-104.0	-8.20524204137e-16	0.475175261497	-27.0795831748	9338
76	-113.0	-8.20524204137e-16	0.795881390572	-30.7117493409	9452
77	-94.0	-8.20524204137e-16	0.516149699688	-32.7234698145	9547
78	-86.0	-8.20524204137e-16	0.59561753273	-35.0831037499	9634
79	-99.0	-8.20524204137e-16	0.968394458294	-38.9749506855	9734
80	-101.0	-8.20524204137e-16	0.865504682064	-31.430269878	9836
81	-127.0	-8.20524204137e-16	0.655569791794	-28.5345645174	9964
82	-90.0	-8.20524204137e-16	0.720679163933	-32.279085233	10055
83	-94.0	-8.20524204137e-16	0.695006847382	-29.0442153178	10150
84	-95.0	-8.20524204137e-16	0.447317510843	-36.707212309	10246
85	-126.0	-8.20524204137e-16	0.776481807232	-25.3494202715	10373
86	-92.0	-8.20524204137e-16	0.339770823717	-29.98472098	10466
87	-105.0	-8.20524204137e-16	0.330893665552	-34.1402313394	10572
88	-79.0	-8.20524204137e-16	0.441930860281	-32.6495131075	10652
89	-88.0	-8.20524204137e-16	0.213988825679	-30.3777806491	10741
90	-83.0	-8.20524204137e-16	0.37150272727	-32.177332424	10825
91	-79.0	-8.20524204137e-16	0.232332482934	-33.5495775342	10905
92	-70.0	-8.20524204137e-16	0.24505828321	-36.7393964579	10976
93	-84.0	-8.20524204137e-16	0.29137673974	-35.5510358306	11061
94	-96.0	-8.20524204137e-16	0.58116298914	-30.3531555976	11158
95	-138.0	-8.20524204137e-16	0.556375920773	-19.4347135176	11297
96	-95.0	-8.20524204137e-16	0.52978760004	-28.6673648631	11393
97	-63.0	-8.20524204137e-16	0.278622120619	-37.7478906438	11457
98	-78.0	-8.20524204137e-16	0.437584638596	-33.0929397873	11536
99	-75.0	-8.20524204137e-16	0.510700404644	-33.3530385439	11612
100	-87.0	-8.20524204137e-16	0.482607573271	-36.7970897217	11700
101	-95.0	-8.20524204137e-16	0.467008620501	-35.3112675001	11796
102	-91.0	-8.20524204137e-16	0.358082532883	-30.9771193681	11888
103	-129.0	-8.20524204137e-16	0.428925871849	-19.1195775559	12018
104	-101.0	-8.20524204137e-16	0.634001433849	-31.6322336653	12120
105	-77.0	-8.20524204137e-16	0.633497774601	-33.147313876	12198
106	-120.0	-8.20524204137e-16	0.386246651411	-38.433803718	12319
107	-98.0	-8.20524204137e-16	0.412844747305	-31.6928908416	12418
108	-82.0	-8.20524204137e-16	0.251165837049	-32.1793199332	12501
109	-72.0	-8.20524204137e-16	0.289569079876	-30.9667749601	12574
110	-91.0	-8.20524204137e-16	0.372318476439	-27.2926175517	12666
111	-104.0	-8.20524204137e-16	0.295043319464	-24.5134463492	12771
112	-200.0	-8.20524204137e-16	0.590303778648	-18.7225222178	12971
113	-88.0	-8.20524204137e-16	0.320757567883	-27.3008144059	13060
114	-75.0	-8.20524204137e-16	0.243792906404	-28.6825232725	13136
115	-119.0	-8.20524204137e-16	0.485548406839	-23.0438721915	13256
116	-104.0	-8.20524204137e-16	0.238018140197	-26.1548016367	13361
117	-91.0	-8.20524204137e-16	0.290928691626	-29.0063022427	13453
118	-75.0	-8.20524204137e-16	0.601332724094	-32.8349021987	13529
119	-92.0	-8.20524204137e-16	0.308668076992	-27.7472336305	13622
120	-73.0	-8.20524204137e-16	0.288546413183	-32.944517097	13696
121	-141.0	-8.20524204137e-16	0.398488938808	-21.4653875215	13838
122	-70.0	-8.20524204137e-16	0.374868512154	-32.8216584367	13909
123	-112.0	-8.20524204137e-16	0.226319551468	-23.8723331795	14022
124	-97.0	-8.20524204137e-16	0.39842453599	-30.7928684068	14120
125	-86.0	-8.20524204137e-16	0.314586341381	-34.1345604042	14207
126	-70.0	-8.20524204137e-16	0.206996783614	-32.5427290352	14278
127	-79.0	-8.20524204137e-16	0.334559231997	-32.1436733127	14358
128	-117.0	-8.20524204137e-16	0.401793122292	-33.0273650561	14476
129	-87.0	-8.20524204137e-16	0.332380652428	-31.265264186	14564
130	-74.0	-8.20524204137e-16	0.564546644688	-32.9545264626	14639
131	-117.0	-8.20524204137e-16	0.403141111135	-33.0104365233	14757
132	-72.0	-8.20524204137e-16	0.297364741564	-34.3334264037	14830
133	-85.0	-8.20524204137e-16	0.394704401493	-35.8271651767	14916
134	-62.0	-8.20524204137e-16	0.324914634228	-35.5935963373	14979
135	-76.0	-8.20524204137e-16	0.385725736618	-31.1153707295	15056
136	-88.0	-8.20524204137e-16	0.289250463247	-35.1056847412	15145
137	-62.0	-8.20524204137e-16	0.208490744233	-36.2039467645	15208
138	-72.0	-8.20524204137e-16	0.238352432847	-33.3021458534	15281
139	-81.0	-8.20524204137e-16	0.250854760408	-28.4812489595	15363
140	-108.0	-8.20524204137e-16	0.264270335436	-21.779296134	15472
141	-111.0	-8.20524204137e-16	0.206255599856	-23.2037877132	15584
142	-111.0	-8.20524204137e-16	0.571897387505	-29.9509285337	15696
143	-104.0	-8.20524204137e-16	0.268939316273	-31.934404103	15801
144	-63.0	-8.20524204137e-16	0.143759429455	-31.7819753103	15865
145	-77.0	-8.20524204137e-16	0.187209457159	-28.5358385069	15943
146	-87.0	-8.20524204137e-16	0.144147232175	-25.08057217	16031
147	-62.0	-8.20524204137e-16	0.11752807349	-32.5492766017	16094
148	-63.0	-8.20524204137e-16	0.366721779108	-31.3714873493	16158
149	-79.0	-8.20524204137e-16	0.26739692688	-27.1827841163	16238
150	-79.0	-8.20524204137e-16	0.200182124972	-29.6060823023	16318
151	-79.0	-8.20524204137e-16	0.250597417355	-27.4598542035	16398
152	-95.0	-8.20524204137e-16	0.193982496858	-27.0020557294	16494
153	-80.0	-8.20524204137e-16	0.378595620394	-28.0380402848	16575
154	-81.0	-8.20524204137e-16	0.309805929661	-29.024968973	16657
155	-81.0	-8.20524204137e-16	0.241152241826	-28.6683438289	16739
156	-110.0	-8.20524204137e-16	0.349150270224	-29.7874087426	16850
157	-93.0	-8.20524204137e-16	0.26057985425	-31.362714524	16944
158	-108.0	-8.20524204137e-16	0.132646232843	-38.3968812566	17053
159	-70.0	-8.20524204137e-16	0.193600252271	-30.9474120568	17124
160	-69.0	-8.20524204137e-16	0.175954803824	-31.8347910268	17194
161	-80.0	-8.20524204137e-16	0.170269593596	-29.6384076483	17275
162	-61.0	-8.20524204137e-16	0.174211740494	-35.5589547619	17337
163	-62.0	-8.20524204137e-16	0.127964705229	-34.3820065336	17400
164	-69.0	-8.20524204137e-16	0.182506784797	-32.4336261511	17470
165	-93.0	-8.20524204137e-16	0.181489139795	-26.5320476703	17564
166	-84.0	-8.20524204137e-16	0.15200676024	-28.0692880525	17649
167	-62.0	-8.20524204137e-16	0.179282352328	-33.1022127938	17712
168	-94.0	-8.20524204137e-16	0.174167260528	-28.7450013111	17807
169	-82.0	-8.20524204137e-16	0.217388987541	-28.1427526761	17890
170	-97.0	-8.20524204137e-16	0.128442764282	-26.6740458051	17988
171	-74.0	-8.20524204137e-16	0.159118503332	-29.3487564977	18063
172	-110.0	-8.20524204137e-16	0.312292546034	-22.3370789	18174
173	-62.0	-8.20524204137e-16	0.285435765982	-31.825042893	18237
174	-79.0	-8.20524204137e-16	0.26259213686	-31.6746445268	18317
175	-200.0	-8.20524204137e-16	0.650597810745	-6.56623975024	18517
176	-92.0	-8.20524204137e-16	0.268971502781	-28.7351886393	18610
177	-79.0	-8.20524204137e-16	0.241531953216	-35.7487714946	18690
178	-70.0	-8.20524204137e-16	0.285085648298	-31.5815107554	18761
179	-86.0	-8.20524204137e-16	0.300943672657	-29.5760069716	18848
180	-84.0	-8.20524204137e-16	0.413714826107	-30.7694395065	18933
181	-200.0	-8.20524204137e-16	0.309843599796	-15.2313877836	19133
182	-87.0	-8.20524204137e-16	0.583560824394	-31.9031069387	19221
183	-75.0	-8.20524204137e-16	0.461589723825	-31.9860698863	19297
184	-83.0	-8.20524204137e-16	0.459975779057	-31.5247927847	19381
185	-106.0	-8.20524204137e-16	0.312936723232	-34.5613099504	19488
186	-122.0	-8.20524204137e-16	0.650479495525	-24.4347721992	19611
187	-90.0	-8.20524204137e-16	0.271297752857	-29.0566475889	19702
188	-90.0	-8.20524204137e-16	0.350185394287	-27.5804801511	19793
189	-116.0	-8.20524204137e-16	0.620672225952	-37.0157531612	19910
190	-161.0	-8.20524204137e-16	0.721375405788	-33.0343503658	20072
191	-145.0	-8.20524204137e-16	0.577065825462	-28.1901948207	20218
192	-99.0	-8.20524204137e-16	0.736751019955	-31.8061492983	20318
193	-110.0	-8.20524204137e-16	0.536947906017	-29.3121137963	20429
194	-85.0	-8.20524204137e-16	0.558751940727	-33.1415430446	20515
195	-87.0	-8.20524204137e-16	0.768950521946	-32.4622682089	20603
196	-200.0	-8.20524204137e-16	0.425884902477	-16.1659440304	20803
197	-72.0	-8.20524204137e-16	0.776118338108	-35.6520276658	20876
198	-105.0	-8.20524204137e-16	0.383740544319	-31.9510573908	20982
199	-101.0	-8.20524204137e-16	0.633348107338	-29.4114917908	21084
200	-75.0	-8.20524204137e-16	0.297565698624	-33.9163485326	21160
201	-68.0	-8.20524204137e-16	0.241545975208	-35.263869023	21229
202	-88.0	-8.20524204137e-16	0.355696499348	-30.1353638413	21318
203	-200.0	-8.20524204137e-16	0.395264565945	-29.4829268265	21518
204	-107.0	-8.20524204137e-16	0.307595402002	-32.9331680547	21626
205	-83.0	-8.20524204137e-16	0.270711153746	-35.8866566476	21710
206	-63.0	-8.20524204137e-16	0.262729108334	-37.437275067	21774
207	-93.0	-8.20524204137e-16	0.317421704531	-30.8587926601	21868
208	-70.0	-8.20524204137e-16	0.34085214138	-36.2204916779	21939
209	-96.0	-8.20524204137e-16	0.409436047077	-34.884007041	22036
210	-144.0	-8.20524204137e-16	0.380871534348	-32.3134601792	22181
211	-110.0	-8.20524204137e-16	0.881720781326	-32.0833187576	22292
212	-80.0	-8.20524204137e-16	1.0835146904	-35.6744071878	22373
213	-91.0	-8.20524204137e-16	0.685303151608	-32.9572385822	22465
214	-63.0	-8.20524204137e-16	0.438838392496	-37.2024800628	22529
215	-73.0	-8.20524204137e-16	0.468650907278	-34.0225691006	22603
216	-70.0	-8.20524204137e-16	0.68777179718	-34.1554989815	22674
217	-84.0	-8.20524204137e-16	0.531242191792	-33.3673904152	22759
218	-70.0	-8.20524204137e-16	0.277953207493	-33.8791552329	22830
219	-89.0	-8.20524204137e-16	0.391869425774	-36.2774310112	22920
220	-79.0	-8.20524204137e-16	0.409691244364	-34.4891894072	23000
221	-90.0	-8.20524204137e-16	0.403676897287	-27.5383769608	23091
222	-100.0	-8.20524204137e-16	0.391277551651	-32.5182825693	23192
223	-85.0	-8.20524204137e-16	0.478248596191	-29.3189101968	23278
224	-90.0	-8.20524204137e-16	0.162522390485	-27.4550646701	23369
225	-92.0	-8.20524204137e-16	0.26132619381	-27.3380086653	23462
226	-75.0	-8.20524204137e-16	0.200273171067	-30.7404937536	23538
227	-72.0	-8.20524204137e-16	0.271025300026	-31.7550159546	23611
228	-78.0	-8.20524204137e-16	0.287310540676	-31.5469480542	23690
229	-63.0	-8.20524204137e-16	0.229322075844	-34.7917219698	23754
230	-86.0	-8.20524204137e-16	0.295390814543	-28.5914406064	23841
231	-75.0	-8.20524204137e-16	0.188917607069	-31.6367526203	23917
232	-80.0	-8.20524204137e-16	0.220593973994	-29.3681320982	23998
233	-200.0	-8.20524204137e-16	0.520058631897	-12.7245332983	24198
234	-92.0	-8.20524204137e-16	0.314257830381	-27.664034266	24291
235	-183.0	-8.20524204137e-16	0.53286677599	-21.2551040364	24475
236	-70.0	-8.20524204137e-16	0.240965023637	-31.3798726209	24546
237	-83.0	-8.20524204137e-16	0.309596925974	-34.2843748728	24630
238	-77.0	-8.20524204137e-16	0.342352390289	-29.1794769856	24708
239	-106.0	-8.20524204137e-16	0.723327457905	-24.1724188941	24815
240	-93.0	-8.20524204137e-16	0.260219216347	-36.6426890657	24909
241	-70.0	-8.20524204137e-16	0.485770225525	-32.1743378538	24980
242	-92.0	-8.20524204137e-16	0.536311268806	-31.7817310749	25073
243	-98.0	-8.20524204137e-16	0.460536599159	-30.6257201445	25172
244	-71.0	-8.20524204137e-16	0.71998077631	-33.1588257915	25244
245	-99.0	-8.20524204137e-16	0.47032469511	-31.6241096687	25344
246	-93.0	-8.20524204137e-16	0.25313013792	-30.2549243214	25438
247	-70.0	-8.20524204137e-16	0.199832618237	-32.6136843285	25509
248	-78.0	-8.20524204137e-16	0.359524816275	-31.951484318	25588
249	-80.0	-8.20524204137e-16	0.237583190203	-33.1627021425	25669
250	-90.0	-8.20524204137e-16	0.301076620817	-30.3544831538	25760
251	-98.0	-8.20524204137e-16	0.207289904356	-33.9454536065	25859
252	-100.0	-8.20524204137e-16	0.376453727484	-29.0572006997	25960
253	-119.0	-8.20524204137e-16	0.597123146057	-21.9877128755	26080
254	-80.0	-8.20524204137e-16	0.321521431208	-33.0070265506	26161
255	-98.0	-8.20524204137e-16	0.242150351405	-26.3325758077	26260
256	-94.0	-8.20524204137e-16	0.581606388092	-27.9833146334	26355
257	-102.0	-8.20524204137e-16	0.566655814648	-25.1479833109	26458
258	-88.0	-8.20524204137e-16	0.196852251887	-28.5071729247	26547
259	-99.0	-8.20524204137e-16	0.226829230785	-28.6031252527	26647
260	-150.0	-8.20524204137e-16	0.424104601145	-25.5933452568	26798
261	-99.0	-8.20524204137e-16	0.658466279507	-30.6396976984	26898
262	-118.0	-8.20524204137e-16	0.54641097784	-28.2208867253	27017
263	-91.0	-8.20524204137e-16	0.628564476967	-31.5362037057	27109
264	-200.0	-8.20524204137e-16	0.469228059053	-37.1336246586	27309
265	-132.0	-8.20524204137e-16	0.360930293798	-38.0880892133	27442
266	-128.0	-8.20524204137e-16	1.4460259676	-35.9065606779	27571
267	-200.0	-8.20524204137e-16	1.8637816906	-31.3569770098	27771
268	-181.0	-8.20524204137e-16	0.792780518532	-33.0826807441	27953
269	-128.0	-8.20524204137e-16	0.480918109417	-30.7760272377	28082
270	-91.0	-8.20524204137e-16	0.444003760815	-37.3798922482	28174
271	-100.0	-8.20524204137e-16	1.549903512	-40.7261814269	28275
272	-105.0	-8.20524204137e-16	0.951980888844	-35.3116021733	28381
273	-85.0	-8.20524204137e-16	0.706901669502	-38.589152203	28467
274	-97.0	-8.20524204137e-16	1.22275102139	-37.4416413259	28565
275	-114.0	-8.20524204137e-16	0.922907590866	-36.4333755618	28680
276	-100.0	-8.20524204137e-16	0.612450182438	-39.556210381	28781
277	-118.0	-8.20524204137e-16	0.672342479229	-35.3277895531	28900
278	-73.0	-8.20524204137e-16	0.726984262466	-45.3967068131	28974
279	-82.0	-8.20524204137e-16	0.494854927063	-40.7633975672	29057
280	-123.0	-8.20524204137e-16	0.743743360043	-32.6555585116	29181
281	-166.0	-8.20524204137e-16	0.895690739155	-17.6401039519	29348
282	-138.0	-8.20524204137e-16	0.460418611765	-43.6310825811	29487
283	-99.0	-8.20524204137e-16	0.268037468195	-41.6050936687	29587
284	-84.0	-8.20524204137e-16	0.315993309021	-38.2474552575	29672
285	-97.0	-8.20524204137e-16	0.449579566717	-28.3430415465	29770
286	-77.0	-8.20524204137e-16	0.283305823803	-33.3450658321	29848
287	-74.0	-8.20524204137e-16	0.502244949341	-34.2810387421	29923
288	-72.0	-8.20524204137e-16	0.315574616194	-31.6731057906	29996
289	-83.0	-8.20524204137e-16	0.343638300896	-29.5850073184	30080
290	-61.0	-8.20524204137e-16	0.227666899562	-35.925695004	30142
291	-62.0	-8.20524204137e-16	0.390517413616	-34.837170389	30205
292	-70.0	-8.20524204137e-16	0.373879313469	-30.6972726189	30276
293	-82.0	-8.20524204137e-16	0.446917712688	-26.9132043992	30359
294	-74.0	-8.20524204137e-16	0.234567180276	-31.0005334791	30434
295	-82.0	-8.20524204137e-16	0.314922422171	-26.8051003307	30517
296	-71.0	-8.20524204137e-16	0.281857788563	-30.3336141966	30589
297	-86.0	-8.20524204137e-16	0.270967811346	-28.8140133304	30676
298	-70.0	-8.20524204137e-16	0.124675571918	-29.5657453873	30747
299	-61.0	-8.20524204137e-16	0.222268596292	-32.3908592943	30809
300	-70.0	-8.20524204137e-16	0.383455872536	-28.4487914896	30880
301	-155.0	-8.20524204137e-16	0.199273943901	-18.957380521	31036
302	-80.0	-8.20524204137e-16	0.328158020973	-26.3646438563	31117
303	-85.0	-8.20524204137e-16	0.283395648003	-29.141953826	31203
304	-105.0	-8.20524204137e-16	0.138491436839	-26.8453115067	31309
305	-83.0	-8.20524204137e-16	0.220123678446	-24.9722601612	31393
306	-85.0	-8.20524204137e-16	0.222924292088	-28.2790807569	31479
307	-83.0	-8.20524204137e-16	0.234101712704	-26.16262552	31563
308	-62.0	-8.20524204137e-16	0.134550079703	-29.7737033291	31626
309	-101.0	-8.20524204137e-16	0.264071285725	-20.3143955691	31728
310	-96.0	-8.20524204137e-16	0.571671485901	-22.5929882244	31825
311	-75.0	-8.20524204137e-16	0.258633106947	-29.6317168615	31901
312	-200.0	-8.20524204137e-16	0.355285078287	-21.7027744389	32101
313	-118.0	-8.20524204137e-16	0.579370677471	-28.9573842237	32220
314	-80.0	-8.20524204137e-16	0.318432301283	-31.945904408	32301
315	-200.0	-8.20524204137e-16	0.555468857288	-20.0463624182	32501
316	-86.0	-8.20524204137e-16	0.727917611599	-32.6430379604	32588
317	-90.0	-8.20524204137e-16	0.7576623559	-29.9919577064	32679
318	-123.0	-8.20524204137e-16	0.956323742867	-26.3771017874	32803
319	-108.0	-8.20524204137e-16	0.957212746143	-31.0075995113	32912
320	-120.0	-8.20524204137e-16	1.05444216728	-27.1202609426	33033
321	-146.0	-8.20524204137e-16	0.525808751583	-36.8360486286	33180
322	-200.0	-8.20524204137e-16	0.456691324711	-24.8915792727	33380
323	-68.0	-8.20524204137e-16	0.420856207609	-38.6043831646	33449
324	-101.0	-8.20524204137e-16	0.583808362484	-30.9110558547	33551
325	-153.0	-8.20524204137e-16	0.428528040648	-27.4110057114	33705
326	-76.0	-8.20524204137e-16	0.584296286106	-34.4631705965	33782
327	-62.0	-8.20524204137e-16	0.993350327015	-39.0158114736	33845
328	-74.0	-8.20524204137e-16	0.637550354004	-35.7534697723	33920
329	-81.0	-8.20524204137e-16	1.08530151844	-36.0730055483	34002
330	-129.0	-8.20524204137e-16	0.527967631817	-34.136619025	34132
331	-141.0	-8.20524204137e-16	1.03928971291	-27.1608241645	34274
332	-113.0	-8.20524204137e-16	0.620347738266	-31.4006255813	34388
333	-93.0	-8.20524204137e-16	0.797211945057	-37.1680069477	34482
334	-84.0	-8.20524204137e-16	0.356354057789	-33.4543407019	34567
335	-86.0	-8.20524204137e-16	0.516153812408	-36.7130394859	34654
336	-88.0	-8.20524204137e-16	0.438208758831	-34.6214954719	34743
337	-105.0	-8.20524204137e-16	0.791406095028	-39.2266266526	34849
338	-84.0	-8.20524204137e-16	0.42055746913	-32.7989140777	34934
339	-120.0	-8.20524204137e-16	0.69365477562	-26.2836848561	35055
340	-71.0	-8.20524204137e-16	0.357265383005	-33.4092866538	35127
341	-74.0	-8.20524204137e-16	0.556350529194	-30.0341614016	35202
342	-141.0	-8.20524204137e-16	0.557750165462	-35.828618095	35344
343	-63.0	-8.20524204137e-16	0.32663795352	-34.6344629526	35408
344	-76.0	-8.20524204137e-16	0.271993458271	-28.9790402001	35485
345	-98.0	-8.20524204137e-16	0.395125746727	-28.6687702097	35584
346	-111.0	-8.20524204137e-16	0.485631465912	-21.4057977737	35696
347	-85.0	-8.20524204137e-16	0.353382974863	-26.2159395218	35782
348	-64.0	-8.20524204137e-16	0.360146224499	-33.1355309413	35847
349	-81.0	-8.20524204137e-16	0.308595746756	-28.5948232361	35929
350	-69.0	-8.20524204137e-16	0.18146713078	-31.6450126035	35999
351	-108.0	-8.20524204137e-16	0.438283383846	-20.5613992851	36108
352	-63.0	-8.20524204137e-16	0.56374758482	-32.5001294115	36172
353	-88.0	-8.20524204137e-16	0.448379576206	-27.0552068989	36261
354	-71.0	-8.20524204137e-16	0.361063838005	-29.188499935	36333
355	-135.0	-8.20524204137e-16	0.500939488411	-33.7255872598	36469
356	-91.0	-8.20524204137e-16	0.355677515268	-27.9622682893	36561
357	-63.0	-8.20524204137e-16	0.232657313347	-32.2745038029	36625
358	-155.0	-8.20524204137e-16	0.953657865524	-24.5115388173	36781
359	-82.0	-8.20524204137e-16	0.772844493389	-29.5790698018	36864
360	-84.0	-8.20524204137e-16	0.678926825523	-28.9566055214	36949
361	-74.0	-8.20524204137e-16	0.990211069584	-30.2572732949	37024
362	-91.0	-8.20524204137e-16	0.683438837528	-31.1593816682	37116
363	-74.0	-8.20524204137e-16	0.759593069553	-33.0001366297	37191
364	-94.0	-8.20524204137e-16	1.40497875214	-28.6477997949	37286
365	-95.0	-8.20524204137e-16	0.400647848845	-36.1751982563	37382
366	-71.0	-8.20524204137e-16	1.05657970905	-32.3783568939	37454
367	-87.0	-8.20524204137e-16	0.967664062977	-35.6128715629	37542
368	-74.0	-8.20524204137e-16	0.587777733803	-36.4688604991	37617
369	-200.0	-8.20524204137e-16	0.267740309238	-20.1919463015	37817
370	-84.0	-8.20524204137e-16	0.409682542086	-29.9378977649	37902
371	-74.0	-8.20524204137e-16	0.915325701237	-32.2809239515	37977
372	-107.0	-8.20524204137e-16	0.731625080109	-20.024286162	38085
373	-103.0	-8.20524204137e-16	2.03239870071	-32.7050049133	38189
374	-160.0	-8.20524204137e-16	0.427181094885	-37.3779036666	38350
375	-120.0	-8.20524204137e-16	0.819414496422	-28.8090401829	38471
376	-113.0	-8.20524204137e-16	0.958957612514	-28.5815371424	38585
377	-91.0	-8.20524204137e-16	0.984269618988	-26.3790159219	38677
378	-89.0	-8.20524204137e-16	0.445154219866	-25.8392387893	38767
379	-98.0	-8.20524204137e-16	0.531086444855	-27.6094128917	38866
380	-94.0	-8.20524204137e-16	0.336860686541	-33.0240552046	38961
381	-64.0	-8.20524204137e-16	0.239638105035	-31.4545366177	39026
382	-88.0	-8.20524204137e-16	0.333441227674	-26.9429200168	39115
383	-86.0	-8.20524204137e-16	0.215094000101	-28.8739501964	39202
384	-109.0	-8.20524204137e-16	0.569406211376	-27.7603290753	39312
385	-90.0	-8.20524204137e-16	0.305806219578	-28.4840942019	39403
386	-137.0	-8.20524204137e-16	0.267683118582	-20.7323741293	39541
387	-95.0	-8.20524204137e-16	0.417282104492	-27.2192848604	39637
388	-133.0	-8.20524204137e-16	0.453479677439	-26.0248164813	39771
389	-101.0	-8.20524204137e-16	0.22430549562	-27.3002861022	39873
390	-86.0	-8.20524204137e-16	0.29387819767	-30.0810913985	39960
391	-74.0	-8.20524204137e-16	0.17650899291	-35.0684487279	40035
392	-114.0	-8.20524204137e-16	0.183989226818	-30.5965913151	40150
393	-65.0	-8.20524204137e-16	0.184105575085	-35.7678528663	40216
394	-76.0	-8.20524204137e-16	0.27743345499	-34.6791441162	40293
395	-75.0	-8.20524204137e-16	0.24749083817	-34.8472349016	40369
396	-178.0	-8.20524204137e-16	0.257529079914	-39.4963986134	40548
397	-80.0	-8.20524204137e-16	0.173064261675	-33.8354898573	40629
398	-137.0	-8.20524204137e-16	0.193115457892	-38.8617622373	40767
399	-91.0	-8.20524204137e-16	0.225654348731	-28.4532797997	40859
400	-65.0	-8.20524204137e-16	0.236190438271	-37.7798967289	40925
401	-92.0	-8.20524204137e-16	0.22813038528	-29.7771630851	41018
402	-122.0	-8.20524204137e-16	0.24330291152	-25.8263064826	41141
403	-76.0	-8.20524204137e-16	0.198422804475	-31.7520247744	41218
404	-62.0	-8.20524204137e-16	0.249876990914	-35.7613793328	41281
405	-107.0	-8.20524204137e-16	0.509792268276	-24.9229120546	41389
406	-80.0	-8.20524204137e-16	0.282012432814	-33.5127004517	41470
407	-79.0	-8.20524204137e-16	0.456392526627	-30.745749772	41550
408	-164.0	-8.20524204137e-16	0.417288571596	-32.1468779732	41715
409	-73.0	-8.20524204137e-16	0.214836165309	-29.3022316082	41789
410	-72.0	-8.20524204137e-16	0.347228944302	-31.2668667754	41862
411	-105.0	-8.20524204137e-16	0.469517827034	-25.2946221637	41968
412	-70.0	-8.20524204137e-16	0.489223569632	-31.0418018422	42039
413	-101.0	-8.20524204137e-16	0.263783127069	-38.0828404801	42141
414	-100.0	-8.20524204137e-16	0.218746334314	-33.5575771414	42242
415	-119.0	-8.20524204137e-16	0.431952118874	-26.5344718593	42362
416	-179.0	-8.20524204137e-16	0.486561238766	-38.6725581007	42542
417	-94.0	-8.20524204137e-16	0.652014970779	-32.9208068446	42637
418	-106.0	-8.20524204137e-16	0.309225708246	-29.5015300958	42744
419	-134.0	-8.20524204137e-16	0.349507540464	-24.2779664662	42879
420	-77.0	-8.20524204137e-16	0.469039261341	-30.2315846743	42957
421	-93.0	-8.20524204137e-16	0.356165766716	-27.8189601657	43051
422	-74.0	-8.20524204137e-16	0.163695573807	-32.243699042	43126
423	-81.0	-8.20524204137e-16	0.198463916779	-30.7109346215	43208
424	-89.0	-8.20524204137e-16	0.200203254819	-31.0960879783	43298
425	-93.0	-8.20524204137e-16	0.182836160064	-28.7816422975	43392
426	-95.0	-8.20524204137e-16	0.514742851257	-28.3101424202	43488
427	-68.0	-8.20524204137e-16	0.283378869295	-34.0968102027	43557
428	-79.0	-8.20524204137e-16	0.258367151022	-31.5117038831	43637
429	-62.0	-8.20524204137e-16	0.174889296293	-36.8945206233	43700
430	-72.0	-8.20524204137e-16	0.150695562363	-33.1259335622	43773
431	-101.0	-8.20524204137e-16	0.272786200047	-23.5453436611	43875
432	-78.0	-8.20524204137e-16	0.204166844487	-30.3063507435	43954
433	-80.0	-8.20524204137e-16	0.14980956912	-32.0341333519	44035
434	-120.0	-8.20524204137e-16	0.188113495708	-21.7418763189	44156
435	-71.0	-8.20524204137e-16	0.259056270123	-32.6744769745	44228
436	-76.0	-8.20524204137e-16	0.159685447812	-29.3591580886	44305
437	-69.0	-8.20524204137e-16	0.115681141615	-32.5575581755	44375
438	-96.0	-8.20524204137e-16	0.151765719056	-26.1773003432	44472
439	-76.0	-8.20524204137e-16	0.118035241961	-28.8931798958	44549
440	-91.0	-8.20524204137e-16	0.153359398246	-26.8885969435	44641
441	-71.0	-8.20524204137e-16	0.108766488731	-30.7320318404	44713
442	-124.0	-8.20524204137e-16	0.170842766762	-23.8625567856	44838
443	-92.0	-8.20524204137e-16	0.369117379189	-27.7582932954	44931
444	-92.0	-8.20524204137e-16	0.313864052296	-26.5858795675	45024
445	-79.0	-8.20524204137e-16	0.284632891417	-28.0786777347	45104
446	-137.0	-8.20524204137e-16	0.226028397679	-31.3345483643	45242
447	-110.0	-8.20524204137e-16	0.297824859619	-24.2728387144	45353
448	-63.0	-8.20524204137e-16	0.280617564917	-33.9912533164	45417
449	-76.0	-8.20524204137e-16	0.35563147068	-31.3098630224	45494
450	-92.0	-8.20524204137e-16	0.189795896411	-32.93759829	45587
451	-72.0	-8.20524204137e-16	0.227694496512	-31.1637013559	45660
452	-100.0	-8.20524204137e-16	0.400111377239	-26.3627862827	45761
453	-72.0	-8.20524204137e-16	0.307645142078	-31.5573042631	45834
454	-101.0	-8.20524204137e-16	0.422482013702	-32.5595536016	45936
455	-117.0	-8.20524204137e-16	0.721493303776	-29.5425415822	46054
456	-91.0	-8.20524204137e-16	0.343744188547	-29.4279264205	46146
457	-111.0	-8.20524204137e-16	0.421308994293	-29.2313584983	46258
458	-125.0	-8.20524204137e-16	0.346952885389	-26.3941406177	46384
459	-95.0	-8.20524204137e-16	0.316446840763	-31.5513185362	46480
460	-92.0	-8.20524204137e-16	0.402750134468	-28.1037891385	46573
461	-75.0	-8.20524204137e-16	0.269002526999	-32.6407340326	46649
462	-91.0	-8.20524204137e-16	0.190937712789	-28.3342121088	46741
463	-81.0	-8.20524204137e-16	0.266141086817	-29.8016836323	46823
464	-115.0	-8.20524204137e-16	0.326749056578	-26.3005149138	46939
465	-94.0	-8.20524204137e-16	0.452344924212	-35.250654858	47034
466	-71.0	-8.20524204137e-16	0.186055332422	-31.9378511343	47106
467	-90.0	-8.20524204137e-16	0.3393881917	-26.4804513192	47197
468	-104.0	-8.20524204137e-16	0.248748272657	-27.4607225532	47302
469	-86.0	-8.20524204137e-16	0.125987201929	-38.8913531468	47389
470	-100.0	-8.20524204137e-16	0.1427192837	-34.225856241	47490
471	-94.0	-8.20524204137e-16	0.312290906906	-23.1896089849	47585
472	-79.0	-8.20524204137e-16	0.433714032173	-30.1612546206	47665
473	-114.0	-8.20524204137e-16	0.347287505865	-22.4726455712	47780
474	-75.0	-8.20524204137e-16	0.297692120075	-31.445051485	47856
475	-74.0	-8.20524204137e-16	0.39212334156	-30.9112268321	47931
476	-121.0	-8.20524204137e-16	0.390145778656	-25.4112726743	48053
477	-75.0	-8.20524204137e-16	0.443147569895	-29.8406247873	48129
478	-84.0	-8.20524204137e-16	0.256559073925	-26.8667921038	48214
479	-82.0	-8.20524204137e-16	0.356610506773	-27.5362333447	48297
480	-71.0	-8.20524204137e-16	0.236890152097	-30.2305999332	48369
481	-83.0	-8.20524204137e-16	0.191797718406	-31.11536586	48453
482	-62.0	-8.20524204137e-16	0.249508470297	-32.0686067631	48516
483	-98.0	-8.20524204137e-16	0.19709263742	-27.4310125931	48615
484	-102.0	-8.20524204137e-16	0.268565952778	-24.4544258488	48718
485	-93.0	-8.20524204137e-16	0.180013611913	-23.8887085112	48812
486	-78.0	-8.20524204137e-16	0.0867376625538	-30.7771957645	48891
487	-89.0	-8.20524204137e-16	0.186535179615	-28.862337425	48981
488	-63.0	-8.20524204137e-16	0.110347852111	-30.9716848913	49045
489	-100.0	-8.20524204137e-16	0.129189252853	-26.5900569068	49146
490	-78.0	-8.20524204137e-16	0.179596021771	-26.5495764425	49225
491	-116.0	-8.20524204137e-16	0.23576426506	-21.8155957868	49342
492	-92.0	-8.20524204137e-16	0.350699067116	-27.1236259219	49435
493	-134.0	-8.20524204137e-16	0.223864510655	-21.552735953	49570
494	-87.0	-8.20524204137e-16	0.345494478941	-28.9072820626	49658
495	-86.0	-8.20524204137e-16	0.17811961472	-29.7409285214	49745
496	-97.0	-8.20524204137e-16	0.304960936308	-30.7986829019	49843
497	-92.0	-8.20524204137e-16	0.168881908059	-33.0863668739	49936
498	-63.0	-8.20524204137e-16	0.265252590179	-33.5972770061	50000
499	-81.0	-8.20524204137e-16	0.386163681746	-30.8332857359	50082
500	-96.0	-8.20524204137e-16	0.241628572345	-26.0560894504	50179
501	-89.0	-8.20524204137e-16	0.328768849373	-35.3289490541	50269
502	-69.0	-8.20524204137e-16	0.183594673872	-33.3664941217	50339
503	-96.0	-8.20524204137e-16	0.321360230446	-32.639331385	50436
504	-107.0	-8.20524204137e-16	0.174249514937	-25.8525201413	50544
505	-73.0	-8.20524204137e-16	0.380684316158	-33.828463593	50618
506	-77.0	-8.20524204137e-16	0.279750168324	-28.2345323471	50696
507	-102.0	-8.20524204137e-16	0.262502789497	-24.6818197115	50799
508	-62.0	-8.20524204137e-16	0.344523429871	-31.4985686332	50862
509	-93.0	-8.20524204137e-16	0.206160247326	-25.0899614945	50956
510	-72.0	-8.20524204137e-16	0.187073037028	-30.0997002117	51029
511	-88.0	-8.20524204137e-16	0.166179105639	-23.0454645103	51118
512	-92.0	-8.20524204137e-16	0.148154556751	-25.5796047923	51211
513	-77.0	-8.20524204137e-16	0.121806867421	-27.9371820352	51289
514	-168.0	-8.20524204137e-16	0.393266886473	-18.565705122	51458
515	-95.0	-8.20524204137e-16	0.279855102301	-25.5722232175	51554
516	-200.0	-8.20524204137e-16	0.883512556553	-19.7111298418	51754
517	-87.0	-8.20524204137e-16	0.236584067345	-26.4305757338	51842
518	-61.0	-8.20524204137e-16	0.25051176548	-33.943948192	51904
519	-85.0	-8.20524204137e-16	0.21881210804	-29.9458557076	51990
520	-96.0	-8.20524204137e-16	0.401201426983	-31.2243095292	52087
521	-72.0	-8.20524204137e-16	0.495467334986	-31.6136013808	52160
522	-105.0	-8.20524204137e-16	0.476686090231	-29.5709805196	52266
523	-89.0	-8.20524204137e-16	0.554304599762	-32.6193560759	52356
524	-129.0	-8.20524204137e-16	0.424333900213	-25.7433952313	52486
525	-71.0	-8.20524204137e-16	0.537623524666	-30.9943991005	52558
526	-84.0	-8.20524204137e-16	0.652758002281	-25.2818832454	52643
527	-90.0	-8.20524204137e-16	0.697656393051	-29.6730335623	52734
528	-114.0	-8.20524204137e-16	0.489810347557	-15.4353117938	52849
529	-69.0	-8.20524204137e-16	0.761346578598	-29.7137667596	52919
530	-86.0	-8.20524204137e-16	0.438446462154	-32.68004897	53006
531	-97.0	-8.20524204137e-16	0.203497201204	-37.4877920467	53104
532	-101.0	-8.20524204137e-16	0.230062663555	-24.5696575922	53206
533	-101.0	-8.20524204137e-16	0.230808719993	-21.4249689994	53308
534	-87.0	-8.20524204137e-16	0.150216236711	-24.9014697996	53396
535	-110.0	-8.20524204137e-16	0.313205868006	-27.2328389185	53507
536	-63.0	-8.20524204137e-16	0.223213374615	-30.7592196614	53571
537	-84.0	-8.20524204137e-16	0.356869697571	-26.8491149089	53656
538	-109.0	-8.20524204137e-16	0.245347470045	-26.6447323626	53766
539	-104.0	-8.20524204137e-16	0.274397492409	-27.4635002988	53871
540	-61.0	-8.20524204137e-16	0.338856339455	-31.8016357172	53933
541	-178.0	-8.20524204137e-16	1.22458410263	-23.4371577908	54112
542	-76.0	-8.20524204137e-16	0.30148729682	-33.2236359832	54189
543	-70.0	-8.20524204137e-16	0.693632781506	-29.0390791121	54260
544	-91.0	-8.20524204137e-16	0.547727525234	-26.9817386529	54352
545	-71.0	-8.20524204137e-16	0.563744962215	-28.9975898994	54424
546	-62.0	-8.20524204137e-16	0.241852089763	-31.3226681399	54487
547	-79.0	-8.20524204137e-16	0.283749461174	-26.6978959471	54567
548	-73.0	-8.20524204137e-16	0.590368211269	-30.1313649706	54641
549	-107.0	-8.20524204137e-16	0.654551923275	-21.2754678312	54749
550	-79.0	-8.20524204137e-16	0.259659081697	-28.266729331	54829
551	-91.0	-8.20524204137e-16	0.399892240763	-28.1465603865	54921
552	-73.0	-8.20524204137e-16	0.947167158127	-29.9773022718	54995
553	-90.0	-8.20524204137e-16	0.234645083547	-31.0836889403	55086
554	-79.0	-8.20524204137e-16	0.2013284266	-26.8513360631	55166
555	-78.0	-8.20524204137e-16	0.229403480887	-28.9963265793	55245
556	-74.0	-8.20524204137e-16	0.189746037126	-29.1125525506	55320
557	-76.0	-8.20524204137e-16	0.157289028168	-29.8957155896	55397
558	-73.0	-8.20524204137e-16	0.202277228236	-29.4931764981	55471
559	-89.0	-8.20524204137e-16	0.212684750557	-25.3830013673	55561
560	-83.0	-8.20524204137e-16	0.277369827032	-25.4225390078	55645
561	-84.0	-8.20524204137e-16	0.171852424741	-29.4638358116	55730
562	-129.0	-8.20524204137e-16	0.211867779493	-18.8652118924	55860
563	-108.0	-8.20524204137e-16	0.162077605724	-33.594940214	55969
564	-85.0	-8.20524204137e-16	0.256664633751	-26.3787854355	56055
565	-103.0	-8.20524204137e-16	0.277188539505	-26.2417264168	56159
566	-87.0	-8.20524204137e-16	0.191839918494	-26.7524454214	56247
567	-87.0	-8.20524204137e-16	0.418758124113	-25.1905700321	56335
568	-96.0	-8.20524204137e-16	0.246573135257	-30.3423791079	56432
569	-62.0	-8.20524204137e-16	0.228022664785	-31.9647405261	56495
570	-123.0	-8.20524204137e-16	0.525786161423	-28.1070838883	56619
571	-115.0	-8.20524204137e-16	0.234573572874	-24.155109979	56735
572	-69.0	-8.20524204137e-16	0.223946839571	-31.1366484778	56805
573	-73.0	-8.20524204137e-16	0.275401800871	-31.7214011759	56879
574	-98.0	-8.20524204137e-16	0.327582985163	-27.3726000208	56978
575	-87.0	-8.20524204137e-16	0.219049885869	-31.6149367907	57066
576	-83.0	-8.20524204137e-16	0.373929202557	-29.9568731657	57150
577	-71.0	-8.20524204137e-16	0.852171123028	-30.2516181601	57222
578	-116.0	-8.20524204137e-16	4.52019309998	-4.95750924053	57339
579	-96.0	-8.20524204137e-16	12.6041288376	-25.1225812687	57436
580	-103.0	-8.20524204137e-16	3.59245610237	-28.2293135071	57540
581	-97.0	-8.20524204137e-16	4.9334435463	-17.4104325942	57638
582	-127.0	-8.20524204137e-16	6.96317148209	12.1015256308	57766
583	-179.0	-8.20524204137e-16	20.1790885925	52.0755215565	57946
584	-124.0	-8.20524204137e-16	10.8442754745	-13.7607141457	58071
585	-108.0	-8.20524204137e-16	10.6331605911	20.6131058128	58180
586	-142.0	-8.20524204137e-16	4.93184757233	1.58194641217	58323
587	-200.0	-8.20524204137e-16	4.56071519852	19.1258342622	58523
588	-128.0	-8.20524204137e-16	4.98016548157	15.9927048554	58652
589	-200.0	-8.20524204137e-16	2.14901971817	13.9058722508	58852
590	-85.0	-8.20524204137e-16	2.19351887703	0.587533520751	58938
591	-127.0	-8.20524204137e-16	1.79725825787	9.42552150064	59066
592	-102.0	-8.20524204137e-16	1.42250990868	4.21422409317	59169
593	-102.0	-8.20524204137e-16	0.787170946598	2.32496623449	59272
594	-86.0	-8.20524204137e-16	1.15863227844	-1.99474670421	59359
595	-118.0	-8.20524204137e-16	0.811969459057	-3.50868431585	59478
596	-163.0	-8.20524204137e-16	0.74427485466	-7.44776142925	59642
597	-186.0	-8.20524204137e-16	0.622558057308	-12.9923253926	59829
598	-200.0	-8.20524204137e-16	0.619030058384	-18.1064100695	60029
599	-167.0	-8.20524204137e-16	0.534173548222	-22.5391107031	60197
600	-114.0	-8.20524204137e-16	0.699355185032	-24.6070409153	60312
601	-121.0	-8.20524204137e-16	0.395019888878	-27.5902969798	60434
602	-122.0	-8.20524204137e-16	0.508029520512	-26.8090829268	60557
603	-147.0	-8.20524204137e-16	0.97958111763	-29.6705641734	60705
604	-164.0	-8.20524204137e-16	0.496262907982	-33.4604203137	60870
605	-120.0	-8.20524204137e-16	1.23560154438	-29.4764698596	60991
606	-87.0	-8.20524204137e-16	0.365644961596	-36.7921311205	61079
607	-95.0	-8.20524204137e-16	0.454258918762	-36.1655689428	61175
608	-128.0	-8.20524204137e-16	0.674689412117	-29.9077082198	61304
609	-98.0	-8.20524204137e-16	0.568495392799	-36.3807435469	61403
610	-90.0	-8.20524204137e-16	0.507735967636	-40.4631623593	61494
611	-132.0	-8.20524204137e-16	0.881595551968	-35.5664824292	61627
612	-97.0	-8.20524204137e-16	0.654872000217	-28.9863490998	61725
613	-134.0	-8.20524204137e-16	0.732683241367	-26.804403224	61860
614	-87.0	-8.20524204137e-16	0.722294747829	-40.3110565381	61948
615	-100.0	-8.20524204137e-16	0.674781262875	-32.2659404254	62049
616	-87.0	-8.20524204137e-16	0.527838587761	-36.1913484606	62137
617	-115.0	-8.20524204137e-16	0.436628609896	-30.415363878	62253
618	-114.0	-8.20524204137e-16	0.432306617498	-26.4560004048	62368
619	-143.0	-8.20524204137e-16	0.316050082445	-26.4959872531	62512
620	-104.0	-8.20524204137e-16	0.271872103214	-29.3537626221	62617
621	-78.0	-8.20524204137e-16	0.394955933094	-34.350431237	62696
622	-62.0	-8.20524204137e-16	0.238367334008	-38.7888731427	62759
623	-70.0	-8.20524204137e-16	0.417185008526	-35.9876021936	62830
624	-96.0	-8.20524204137e-16	0.185035020113	-30.047739641	62927
625	-62.0	-8.20524204137e-16	0.164645552635	-37.6430638555	62990
626	-78.0	-8.20524204137e-16	0.247874960303	-32.7808499879	63069
627	-171.0	-8.20524204137e-16	0.61498862505	-19.6090377472	63241
628	-65.0	-8.20524204137e-16	1.02663528919	-36.949949214	63307
629	-100.0	-8.20524204137e-16	0.431351214647	-31.4212072911	63408
630	-88.0	-8.20524204137e-16	0.507356882095	-31.8160014528	63497
631	-134.0	-8.20524204137e-16	0.456458985806	-23.0855853335	63632
632	-79.0	-8.20524204137e-16	0.24262046814	-31.2302149206	63712
633	-103.0	-8.20524204137e-16	0.397756487131	-24.124679531	63816
634	-75.0	-8.20524204137e-16	0.422598332167	-30.4337597082	63892
635	-110.0	-8.20524204137e-16	0.294097036123	-25.5053113388	64003
636	-113.0	-8.20524204137e-16	0.516402304173	-23.1858823843	64117
637	-157.0	-8.20524204137e-16	0.666522026062	-24.1978404794	64275
638	-91.0	-8.20524204137e-16	0.350136905909	-27.4674365702	64367
639	-63.0	-8.20524204137e-16	0.454884141684	-33.8506786898	64431
640	-108.0	-8.20524204137e-16	0.53094047308	-27.6374503057	64540
641	-96.0	-8.20524204137e-16	0.518698394299	-30.3796770843	64637
642	-97.0	-8.20524204137e-16	0.614745438099	-30.8698258254	64735
643	-80.0	-8.20524204137e-16	0.823558926582	-31.7417580905	64816
644	-137.0	-8.20524204137e-16	0.717347204685	-32.1933890564	64954
645	-129.0	-8.20524204137e-16	0.641013741493	-23.5860324222	65084
646	-103.0	-8.20524204137e-16	0.609466791153	-27.6899956098	65188
647	-83.0	-8.20524204137e-16	0.380033671856	-30.468065871	65272
648	-63.0	-8.20524204137e-16	0.315825790167	-35.172865212	65336
649	-69.0	-8.20524204137e-16	0.375158339739	-34.8529332161	65406
650	-71.0	-8.20524204137e-16	0.395623713732	-32.8800777826	65478
651	-73.0	-8.20524204137e-16	0.516421735287	-38.4914219057	65552
652	-82.0	-8.20524204137e-16	0.672810614109	-32.2447803717	65635
653	-98.0	-8.20524204137e-16	0.31876885891	-33.4533130376	65734
654	-83.0	-8.20524204137e-16	0.521781742573	-30.3287760349	65818
655	-96.0	-8.20524204137e-16	0.697700321674	-30.1354723714	65915
656	-77.0	-8.20524204137e-16	0.35953399539	-32.9559508593	65993
657	-85.0	-8.20524204137e-16	0.448288887739	-29.9687824769	66079
658	-103.0	-8.20524204137e-16	0.356172204018	-29.0173787211	66183
659	-82.0	-8.20524204137e-16	0.566817343235	-31.6448697986	66266
660	-189.0	-8.20524204137e-16	1.53005635738	-4.56867417505	66456
661	-129.0	-8.20524204137e-16	0.626715302467	-23.5842607205	66586
662	-82.0	-8.20524204137e-16	0.227116599679	-28.4939670333	66669
663	-81.0	-8.20524204137e-16	0.226969063282	-30.5437518431	66751
664	-109.0	-8.20524204137e-16	0.460983544588	-24.39602462	66861
665	-90.0	-8.20524204137e-16	0.617574930191	-25.240365857	66952
666	-200.0	-8.20524204137e-16	0.526457369328	-17.6885956165	67152
667	-77.0	-8.20524204137e-16	0.282631844282	-31.8502267324	67230
668	-71.0	-8.20524204137e-16	0.224872484803	-31.5269270076	67302
669	-81.0	-8.20524204137e-16	0.361284404993	-31.8832249874	67384
670	-94.0	-8.20524204137e-16	0.257989823818	-29.7514480842	67479
671	-94.0	-8.20524204137e-16	0.256217688322	-27.9991354258	67574
672	-90.0	-8.20524204137e-16	0.427957713604	-30.2764560024	67665
673	-88.0	-8.20524204137e-16	0.269286245108	-31.2633335028	67754
674	-77.0	-8.20524204137e-16	0.709951460361	-34.3955181562	67832
675	-200.0	-8.20524204137e-16	0.407120972872	-16.0376959534	68032
676	-70.0	-8.20524204137e-16	0.452139019966	-34.3849393448	68103
677	-103.0	-8.20524204137e-16	0.181643545628	-33.3520951575	68207
678	-88.0	-8.20524204137e-16	0.472453981638	-32.8118448231	68296
679	-93.0	-8.20524204137e-16	0.370351433754	-26.0219687357	68390
680	-194.0	-8.20524204137e-16	0.325937181711	-25.1028485714	68585
681	-63.0	-8.20524204137e-16	0.270551353693	-34.8349332735	68649
682	-76.0	-8.20524204137e-16	0.677725553513	-31.4745723156	68726
683	-63.0	-8.20524204137e-16	0.468807220459	-35.6678108424	68790
684	-111.0	-8.20524204137e-16	0.52481931448	-24.4559535586	68902
685	-100.0	-8.20524204137e-16	0.470761805773	-25.6692164523	69003
686	-75.0	-8.20524204137e-16	0.516586065292	-30.6878397167	69079
687	-74.0	-8.20524204137e-16	0.456277012825	-32.0187069718	69154
688	-86.0	-8.20524204137e-16	0.436689645052	-31.677772385	69241
689	-106.0	-8.20524204137e-16	0.322444140911	-27.126022189	69348
690	-71.0	-8.20524204137e-16	0.267300277948	-33.6768571486	69420
691	-79.0	-8.20524204137e-16	0.37345212698	-32.2457274184	69500
692	-70.0	-8.20524204137e-16	0.348339676857	-33.1117606902	69571
693	-103.0	-8.20524204137e-16	0.277353525162	-30.0553143391	69675
694	-109.0	-8.20524204137e-16	0.361535817385	-25.664438618	69785
695	-113.0	-8.20524204137e-16	0.858258187771	-25.3191560499	69899
696	-83.0	-8.20524204137e-16	0.510218977928	-29.9125321358	69983
697	-86.0	-8.20524204137e-16	0.404482126236	-28.7680832048	70070
698	-71.0	-8.20524204137e-16	0.190187886357	-30.6383003013	70142
699	-165.0	-8.20524204137e-16	0.379086613655	-19.2030058194	70308
700	-89.0	-8.20524204137e-16	0.311590105295	-29.9443890866	70398
701	-102.0	-8.20524204137e-16	0.295375496149	-27.2602105407	70501
702	-99.0	-8.20524204137e-16	0.214184492826	-26.8337018168	70601
703	-121.0	-8.20524204137e-16	0.185453489423	-24.3387429656	70723
704	-69.0	-8.20524204137e-16	0.357220649719	-35.1445957593	70793
705	-101.0	-8.20524204137e-16	0.352060228586	-28.1646858524	70895
706	-75.0	-8.20524204137e-16	0.364556908607	-33.1499310544	70971
707	-130.0	-8.20524204137e-16	0.444626778364	-27.4777327423	71102
708	-82.0	-8.20524204137e-16	0.913451433182	-33.6936501739	71185
709	-74.0	-8.20524204137e-16	0.401334494352	-34.0792864927	71260
710	-123.0	-8.20524204137e-16	0.657670080662	-30.7592185438	71384
711	-69.0	-8.20524204137e-16	0.411694526672	-35.0561529739	71454
712	-106.0	-8.20524204137e-16	0.640395641327	-30.9185725127	71561
713	-78.0	-8.20524204137e-16	0.576443254948	-34.274191564	71640
714	-90.0	-8.20524204137e-16	0.487918764353	-33.0944593369	71731
715	-84.0	-8.20524204137e-16	0.41319835186	-34.0687061969	71816
716	-93.0	-8.20524204137e-16	0.371715307236	-31.307640446	71910
717	-84.0	-8.20524204137e-16	0.301576435566	-33.5473506142	71995
718	-109.0	-8.20524204137e-16	0.312223404646	-27.8551646059	72105
719	-77.0	-8.20524204137e-16	0.460399568081	-32.136743978	72183
720	-124.0	-8.20524204137e-16	2.29342317581	-23.2191365104	72308
721	-100.0	-8.20524204137e-16	0.526724517345	-29.1695381869	72409
722	-99.0	-8.20524204137e-16	0.316727995872	-28.4679051876	72509
723	-100.0	-8.20524204137e-16	0.475402981043	-26.0744604899	72610
724	-91.0	-8.20524204137e-16	0.531287252903	-27.1633176933	72702
725	-127.0	-8.20524204137e-16	0.289057195187	-24.3578937026	72830
726	-79.0	-8.20524204137e-16	0.270250171423	-32.8739405245	72910
727	-90.0	-8.20524204137e-16	0.229210659862	-30.6148516215	73001
728	-117.0	-8.20524204137e-16	0.177810192108	-24.925439579	73119
729	-121.0	-8.20524204137e-16	0.230658754706	-27.3131142014	73241
730	-87.0	-8.20524204137e-16	0.230125814676	-34.9893908826	73329
731	-85.0	-8.20524204137e-16	0.257835924625	-32.1927273772	73415
732	-128.0	-8.20524204137e-16	0.233817771077	-37.391497782	73544
733	-123.0	-8.20524204137e-16	0.364173024893	-29.2988892746	73668
734	-93.0	-8.20524204137e-16	0.447991877794	-31.633994365	73762
735	-89.0	-8.20524204137e-16	0.480263203382	-36.0843886269	73852
736	-70.0	-8.20524204137e-16	0.208809003234	-34.0059572236	73923
737	-87.0	-8.20524204137e-16	0.479312032461	-30.8239183314	74011
738	-97.0	-8.20524204137e-16	0.288068681955	-28.9940255047	74109
739	-116.0	-8.20524204137e-16	0.269606411457	-23.7032863513	74226
740	-95.0	-8.20524204137e-16	0.310062348843	-27.7096615198	74322
741	-78.0	-8.20524204137e-16	0.282772839069	-30.5026273569	74401
742	-98.0	-8.20524204137e-16	0.219400793314	-27.0395189536	74500
743	-75.0	-8.20524204137e-16	0.223921909928	-32.7142866756	74576
744	-84.0	-8.20524204137e-16	0.1531214118	-29.8078932229	74661
745	-88.0	-8.20524204137e-16	0.211644738913	-35.376816838	74750
746	-121.0	-8.20524204137e-16	0.18243779242	-32.2710909023	74872
747	-70.0	-8.20524204137e-16	0.214586898685	-33.4876669142	74943
748	-77.0	-8.20524204137e-16	0.173573344946	-32.5587641704	75021
749	-108.0	-8.20524204137e-16	0.289056330919	-28.7786548362	75130
750	-100.0	-8.20524204137e-16	0.313600033522	-30.4586865359	75231
751	-82.0	-8.20524204137e-16	0.288775533438	-31.1234393694	75314
752	-96.0	-8.20524204137e-16	0.434863895178	-28.085960736	75411
753	-92.0	-8.20524204137e-16	0.198818340898	-27.5156739675	75504
754	-97.0	-8.20524204137e-16	0.133499920368	-26.4622068262	75602
755	-71.0	-8.20524204137e-16	0.149908199906	-30.7771543198	75674
756	-84.0	-8.20524204137e-16	0.127368062735	-31.2074035392	75759
757	-82.0	-8.20524204137e-16	0.183436751366	-30.3072092907	75842
758	-69.0	-8.20524204137e-16	0.131361737847	-33.3362247195	75912
759	-99.0	-8.20524204137e-16	0.121970698237	-28.4482278419	76012
760	-94.0	-8.20524204137e-16	0.171101659536	-27.5479128536	76107
761	-63.0	-8.20524204137e-16	0.144486710429	-34.4457648695	76171
762	-96.0	-8.20524204137e-16	0.131858631968	-26.1829946852	76268
763	-82.0	-8.20524204137e-16	0.218160659075	-31.8619379279	76351
764	-100.0	-8.20524204137e-16	0.386843681335	-24.8911364739	76452
765	-148.0	-8.20524204137e-16	0.304758399725	-17.5597667774	76601
766	-90.0	-8.20524204137e-16	0.281777232885	-32.3079951386	76692
767	-77.0	-8.20524204137e-16	0.229501187801	-30.6800342615	76770
768	-77.0	-8.20524204137e-16	0.302153944969	-30.2437062386	76848
769	-86.0	-8.20524204137e-16	0.390485137701	-32.3525627235	76935
770	-94.0	-8.20524204137e-16	0.457562208176	-27.4585954208	77030
771	-82.0	-8.20524204137e-16	0.237450256944	-29.3474143542	77113
772	-110.0	-8.20524204137e-16	0.378595411777	-32.1989198504	77224
773	-87.0	-8.20524204137e-16	0.40198880434	-27.9979981319	77312
774	-105.0	-8.20524204137e-16	0.184116885066	-22.5918312742	77418
775	-74.0	-8.20524204137e-16	0.261309981346	-32.0150841665	77493
776	-76.0	-8.20524204137e-16	0.132898434997	-29.4907050326	77570
777	-78.0	-8.20524204137e-16	0.204861685634	-28.3644218241	77649
778	-70.0	-8.20524204137e-16	0.227104872465	-29.5799146244	77720
779	-85.0	-8.20524204137e-16	0.172190368176	-28.5056031637	77806
780	-91.0	-8.20524204137e-16	0.107674203813	-24.9426223892	77898
781	-63.0	-8.20524204137e-16	0.165349945426	-33.0860216543	77962
782	-91.0	-8.20524204137e-16	0.245910689235	-28.2032331941	78054
783	-75.0	-8.20524204137e-16	0.188709974289	-31.3896613121	78130
784	-70.0	-8.20524204137e-16	0.124325588346	-30.9908177315	78201
785	-195.0	-8.20524204137e-16	1.20440411568	-15.9514470076	78397
786	-107.0	-8.20524204137e-16	0.345017135143	-26.0914934785	78505
787	-107.0	-8.20524204137e-16	0.446761071682	-27.7401285613	78613
788	-73.0	-8.20524204137e-16	0.315057128668	-33.0795178703	78687
789	-185.0	-8.20524204137e-16	0.327752530575	-18.1156931138	78873
790	-128.0	-8.20524204137e-16	0.448998093605	-21.1164903687	79002
791	-100.0	-8.20524204137e-16	0.237744450569	-25.5648382701	79103
792	-69.0	-8.20524204137e-16	0.257609456778	-30.3867961066	79173
793	-80.0	-8.20524204137e-16	0.220345512033	-33.0252154315	79254
794	-125.0	-8.20524204137e-16	0.633941054344	-28.5897480722	79380
795	-69.0	-8.20524204137e-16	0.236281171441	-32.1539560458	79450
796	-102.0	-8.20524204137e-16	0.746444821358	-32.5259848011	79553
797	-84.0	-8.20524204137e-16	0.524151265621	-32.8748208214	79638
798	-91.0	-8.20524204137e-16	0.730539560318	-31.9554016279	79730
799	-92.0	-8.20524204137e-16	0.527706921101	-28.5808922828	79823
800	-82.0	-8.20524204137e-16	0.634137511253	-33.0756260343	79906
801	-90.0	-8.20524204137e-16	0.527963638306	-29.2756463276	79997
802	-100.0	-8.20524204137e-16	0.326774716377	-30.4601740135	80098
803	-121.0	-8.20524204137e-16	0.666271448135	-29.7870729097	80220
804	-100.0	-8.20524204137e-16	0.427967369556	-33.6312042345	80321
805	-104.0	-8.20524204137e-16	0.45793735981	-27.5269467615	80426
806	-94.0	-8.20524204137e-16	0.41871842742	-30.2750209808	80521
807	-111.0	-8.20524204137e-16	0.485132843256	-32.721140027	80633
808	-111.0	-8.20524204137e-16	0.415386974812	-30.3715162072	80745
809	-158.0	-8.20524204137e-16	0.683593630791	-7.89362999703	80904
810	-91.0	-8.20524204137e-16	0.784225821495	-35.9083915742	80996
811	-98.0	-8.20524204137e-16	1.55833745003	-33.3243914951	81095
812	-118.0	-8.20524204137e-16	0.721534788609	-24.996960645	81214
813	-128.0	-8.20524204137e-16	0.403219431639	-23.4952632138	81343
814	-77.0	-8.20524204137e-16	0.432697445154	-32.0112027572	81421
815	-86.0	-8.20524204137e-16	0.254130959511	-28.0637687815	81508
816	-119.0	-8.20524204137e-16	0.387941718102	-20.9752551613	81628
817	-96.0	-8.20524204137e-16	0.365783452988	-25.0311944989	81725
818	-108.0	-8.20524204137e-16	0.299759089947	-23.9485065237	81834
819	-70.0	-8.20524204137e-16	0.191019684076	-30.3879873182	81905
820	-100.0	-8.20524204137e-16	0.37892267108	-26.7462529806	82006
821	-70.0	-8.20524204137e-16	0.26550757885	-29.7615163247	82077
822	-107.0	-8.20524204137e-16	0.152859926224	-25.4909088595	82185
823	-68.0	-8.20524204137e-16	0.320644289255	-30.5313986557	82254
824	-91.0	-8.20524204137e-16	0.163548618555	-28.8496725922	82346
825	-63.0	-8.20524204137e-16	0.200678855181	-34.2421220392	82410
826	-86.0	-8.20524204137e-16	0.29900509119	-33.0344926461	82497
827	-85.0	-8.20524204137e-16	0.242067545652	-29.7788342182	82583
828	-104.0	-8.20524204137e-16	0.3069447577	-25.4060388576	82688
829	-115.0	-8.20524204137e-16	0.269562005997	-25.2568418897	82804
830	-85.0	-8.20524204137e-16	0.205985799432	-27.961516189	82890
831	-182.0	-8.20524204137e-16	0.633376419544	-15.5584075777	83073
832	-122.0	-8.20524204137e-16	0.331057876348	-25.5452528155	83196
833	-97.0	-8.20524204137e-16	0.447046250105	-28.1551851788	83294
834	-103.0	-8.20524204137e-16	0.325096607208	-26.0938024412	83398
835	-79.0	-8.20524204137e-16	0.542826354504	-31.4446270466	83478
836	-172.0	-8.20524204137e-16	1.19768166542	-20.6634838974	83651
837	-80.0	-8.20524204137e-16	1.36239480972	-32.9810597396	83732
838	-71.0	-8.20524204137e-16	0.676066458225	-31.5900495251	83804
839	-94.0	-8.20524204137e-16	0.471659958363	-27.263824424	83899
840	-91.0	-8.20524204137e-16	0.563673019409	-28.9765448156	83991
841	-63.0	-8.20524204137e-16	0.499254912138	-34.6596152037	84055
842	-69.0	-8.20524204137e-16	0.374013960361	-32.2568294048	84125
843	-82.0	-8.20524204137e-16	0.436528116465	-32.1240131941	84208
844	-104.0	-8.20524204137e-16	0.584056735039	-25.9555141506	84313
845	-109.0	-8.20524204137e-16	0.291450530291	-27.4552465856	84423
846	-78.0	-8.20524204137e-16	0.171567112207	-30.4117365849	84502
847	-156.0	-8.20524204137e-16	0.292792797089	-24.4759289861	84659
848	-87.0	-8.20524204137e-16	0.273097723722	-28.5388975848	84747
849	-89.0	-8.20524204137e-16	0.40995234251	-29.3848270496	84837
850	-69.0	-8.20524204137e-16	0.317708015442	-32.073016715	84907
851	-131.0	-8.20524204137e-16	0.589766919613	-27.5086482745	85039
852	-95.0	-8.20524204137e-16	0.882580697536	-31.0735763392	85135
853	-92.0	-8.20524204137e-16	0.658254623413	-32.4683503182	85228
854	-83.0	-8.20524204137e-16	0.439768433571	-36.5244152659	85312
855	-111.0	-8.20524204137e-16	0.535293400288	-24.2914446544	85424
856	-81.0	-8.20524204137e-16	0.209232538939	-33.4783240579	85506
857	-93.0	-8.20524204137e-16	0.252347320318	-30.6078199224	85600
858	-98.0	-8.20524204137e-16	0.263272553682	-28.4055222791	85699
859	-69.0	-8.20524204137e-16	0.190799683332	-31.4497670497	85769
860	-98.0	-8.20524204137e-16	0.348954021931	-27.1796431818	85868
861	-84.0	-8.20524204137e-16	0.383613675833	-30.634344575	85953
862	-92.0	-8.20524204137e-16	0.2519056499	-25.288354418	86046
863	-84.0	-8.20524204137e-16	0.317860811949	-29.5845630001	86131
864	-90.0	-8.20524204137e-16	0.147755488753	-28.4370588889	86222
865	-91.0	-8.20524204137e-16	0.172028616071	-28.0332970075	86314
866	-70.0	-8.20524204137e-16	0.146936759353	-31.1976261592	86385
867	-70.0	-8.20524204137e-16	0.204601868987	-32.2484616562	86456
868	-80.0	-8.20524204137e-16	0.235098898411	-29.2206908383	86537
869	-123.0	-8.20524204137e-16	0.358641117811	-22.8593260031	86661
870	-99.0	-8.20524204137e-16	0.339918553829	-24.8261622465	86761
871	-82.0	-8.20524204137e-16	0.213999077678	-31.5508056606	86844
872	-174.0	-8.20524204137e-16	0.322490096092	-24.271559767	87019
873	-101.0	-8.20524204137e-16	0.544997572899	-28.1843466344	87121
874	-93.0	-8.20524204137e-16	0.223290756345	-30.7351323645	87215
875	-86.0	-8.20524204137e-16	0.201330825686	-30.174896295	87302
876	-85.0	-8.20524204137e-16	0.339838087559	-29.4121507517	87388
877	-81.0	-8.20524204137e-16	0.24626198411	-32.8780385663	87470
878	-69.0	-8.20524204137e-16	0.524923563004	-35.3519010135	87540
879	-95.0	-8.20524204137e-16	0.191020578146	-31.882047375	87636
880	-79.0	-8.20524204137e-16	0.36148044467	-30.6607323289	87716
881	-80.0	-8.20524204137e-16	0.523760855198	-28.599616426	87797
882	-100.0	-8.20524204137e-16	0.438729137182	-29.814019909	87898
883	-89.0	-8.20524204137e-16	0.501098871231	-29.6260727909	87988
884	-62.0	-8.20524204137e-16	0.230021178722	-36.0966033179	88051
885	-95.0	-8.20524204137e-16	0.221946388483	-26.8176941816	88147
886	-92.0	-8.20524204137e-16	0.312024533749	-26.6449911924	88240
887	-144.0	-8.20524204137e-16	1.16894865036	-14.4426120349	88385
888	-71.0	-8.20524204137e-16	0.312775790691	-31.6869992101	88457
889	-89.0	-8.20524204137e-16	0.614024937153	-25.0847859204	88547
890	-99.0	-8.20524204137e-16	0.421939760447	-24.2224032795	88647
891	-119.0	-8.20524204137e-16	0.237980395555	-28.3727867852	88767
892	-86.0	-8.20524204137e-16	0.421370476484	-27.9776699187	88854
893	-70.0	-8.20524204137e-16	0.325334042311	-29.7840354711	88925
894	-63.0	-8.20524204137e-16	0.220893889666	-32.2705075624	88989
895	-71.0	-8.20524204137e-16	0.237544104457	-30.5297526386	89061
896	-70.0	-8.20524204137e-16	0.245143741369	-30.2780646396	89132
897	-72.0	-8.20524204137e-16	0.156454011798	-28.3680445327	89205
898	-93.0	-8.20524204137e-16	0.165265187621	-24.6004087735	89299
899	-71.0	-8.20524204137e-16	0.232096686959	-28.2375637492	89371
900	-85.0	-8.20524204137e-16	0.161814585328	-26.4447665658	89457
901	-115.0	-8.20524204137e-16	0.160386011004	-21.9873824387	89573
902	-118.0	-8.20524204137e-16	0.317963778973	-20.000521867	89692
903	-103.0	-8.20524204137e-16	0.378751158714	-25.9611379309	89796
904	-83.0	-8.20524204137e-16	0.479844778776	-27.6745577444	89880
905	-94.0	-8.20524204137e-16	0.50976061821	-26.7283951759	89975
906	-71.0	-8.20524204137e-16	0.390169858932	-29.6460687717	90047
907	-78.0	-8.20524204137e-16	0.224943980575	-30.3444608193	90126
908	-94.0	-8.20524204137e-16	0.186638280749	-32.3655964073	90221
909	-114.0	-8.20524204137e-16	0.376963019371	-25.1202025823	90336
910	-103.0	-8.20524204137e-16	0.37208968401	-27.9753862063	90440
911	-86.0	-8.20524204137e-16	0.216779664159	-31.3341586261	90527
912	-134.0	-8.20524204137e-16	0.296365380287	-26.5512731702	90662
913	-87.0	-8.20524204137e-16	0.268648564816	-29.9798810997	90750
914	-82.0	-8.20524204137e-16	0.269949704409	-31.4809241295	90833
915	-95.0	-8.20524204137e-16	0.248460739851	-27.8561483144	90929
916	-94.0	-8.20524204137e-16	0.359068870544	-28.7048507866	91024
917	-83.0	-8.20524204137e-16	0.355844944715	-31.9657743417	91108
918	-83.0	-8.20524204137e-16	0.262834310532	-32.3938158949	91192
919	-95.0	-8.20524204137e-16	0.263682901859	-31.8694638051	91288
920	-112.0	-8.20524204137e-16	0.224967673421	-24.2513548434	91401
921	-98.0	-8.20524204137e-16	0.349549055099	-31.6512343739	91500
922	-93.0	-8.20524204137e-16	0.25480556488	-35.1302504539	91594
923	-89.0	-8.20524204137e-16	0.197070464492	-32.2463763962	91684
924	-81.0	-8.20524204137e-16	0.121862947941	-31.7734275678	91766
925	-100.0	-8.20524204137e-16	0.147605150938	-29.2294521559	91867
926	-78.0	-8.20524204137e-16	0.101838648319	-34.3299717722	91946
927	-79.0	-8.20524204137e-16	0.0892012119293	-41.5578559041	92026
928	-85.0	-8.20524204137e-16	0.107976354659	-32.4542524773	92112
929	-80.0	-8.20524204137e-16	0.122657522559	-32.111281849	92193
930	-94.0	-8.20524204137e-16	0.156584486365	-30.9331128522	92288
931	-70.0	-8.20524204137e-16	0.142914786935	-34.6978102738	92359
932	-138.0	-8.20524204137e-16	0.428196549416	-16.8413147652	92498
933	-98.0	-8.20524204137e-16	0.282192111015	-31.4074977672	92597
934	-61.0	-8.20524204137e-16	0.354562759399	-40.0803773634	92659
935	-93.0	-8.20524204137e-16	0.181623056531	-29.1274150788	92753
936	-85.0	-8.20524204137e-16	0.402879327536	-31.5882245659	92839
937	-85.0	-8.20524204137e-16	0.191097900271	-29.4236825864	92925
938	-90.0	-8.20524204137e-16	0.290379554033	-30.1271134235	93016
939	-105.0	-8.20524204137e-16	0.296081334352	-25.9408888732	93122
940	-96.0	-8.20524204137e-16	0.501978158951	-25.7307554643	93219
941	-71.0	-8.20524204137e-16	0.493985235691	-31.4121590228	93291
942	-100.0	-8.20524204137e-16	0.423900932074	-30.0409221271	93392
943	-200.0	-8.20524204137e-16	0.358180731535	-24.524955411	93592
944	-76.0	-8.20524204137e-16	0.261389702559	-32.7353631676	93669
945	-95.0	-8.20524204137e-16	0.30027154088	-27.7863941758	93765
946	-84.0	-8.20524204137e-16	0.27022626996	-27.0685262876	93850
947	-91.0	-8.20524204137e-16	0.242886558175	-26.5989584845	93942
948	-91.0	-8.20524204137e-16	0.442933082581	-26.8298270777	94034
949	-105.0	-8.20524204137e-16	0.335363835096	-24.096316729	94140
950	-71.0	-8.20524204137e-16	0.49815633893	-30.7170356048	94212
951	-75.0	-8.20524204137e-16	0.285773098469	-31.5356196196	94288
952	-99.0	-8.20524204137e-16	0.474335074425	-26.5974647349	94388
953	-116.0	-8.20524204137e-16	0.313872218132	-23.3205061565	94505
954	-89.0	-8.20524204137e-16	0.822497189045	-34.4351368758	94595
955	-78.0	-8.20524204137e-16	0.379456847906	-32.1605860614	94674
956	-95.0	-8.20524204137e-16	0.321116954088	-34.2709832788	94770
957	-112.0	-8.20524204137e-16	0.247064381838	-30.3987057341	94883
958	-96.0	-8.20524204137e-16	0.335186839104	-26.9912935723	94980
959	-80.0	-8.20524204137e-16	0.220156252384	-33.3640618324	95061
960	-82.0	-8.20524204137e-16	0.205283746123	-30.2097481992	95144
961	-62.0	-8.20524204137e-16	0.225730076432	-35.7080770523	95207
962	-88.0	-8.20524204137e-16	0.463233798742	-30.2755749614	95296
963	-105.0	-8.20524204137e-16	0.323549181223	-28.8347326832	95402
964	-70.0	-8.20524204137e-16	0.241006195545	-31.6510241569	95473
965	-94.0	-8.20524204137e-16	0.3040343225	-24.4440912363	95568
966	-70.0	-8.20524204137e-16	0.227272167802	-29.9878465189	95639
967	-71.0	-8.20524204137e-16	0.198291912675	-29.9139812738	95711
968	-84.0	-8.20524204137e-16	0.24741050601	-28.4543025858	95796
969	-70.0	-8.20524204137e-16	0.233913809061	-29.3742334624	95867
970	-71.0	-8.20524204137e-16	0.209514483809	-29.5237261661	95939
971	-63.0	-8.20524204137e-16	0.0859458968043	-33.5829737782	96003
972	-74.0	-8.20524204137e-16	0.133904233575	-30.8217327428	96078
973	-90.0	-8.20524204137e-16	0.133915171027	-25.7246604162	96169
974	-72.0	-8.20524204137e-16	0.24326659739	-27.9248155731	96242
975	-76.0	-8.20524204137e-16	0.3121997118	-30.7631588617	96319
976	-63.0	-8.20524204137e-16	0.234762236476	-31.9401783869	96383
977	-138.0	-8.20524204137e-16	0.276068300009	-28.3509381289	96522
978	-88.0	-8.20524204137e-16	0.240412771702	-24.9481969111	96611
979	-99.0	-8.20524204137e-16	0.31082996726	-19.6813140565	96711
980	-101.0	-8.20524204137e-16	0.323698937893	-23.7303569086	96813
981	-71.0	-8.20524204137e-16	0.293098926544	-26.7956983083	96885
982	-83.0	-8.20524204137e-16	0.168291226029	-23.1639498295	96969
983	-89.0	-8.20524204137e-16	0.173257902265	-25.7162276877	97059
984	-76.0	-8.20524204137e-16	0.309250384569	-27.9700197988	97136
985	-109.0	-8.20524204137e-16	0.174553140998	-20.1109856104	97246
986	-63.0	-8.20524204137e-16	0.318645834923	-30.1366928928	97310
987	-118.0	-8.20524204137e-16	0.208092212677	-18.6249234286	97429
988	-71.0	-8.20524204137e-16	0.466680496931	-29.2540369001	97501
989	-82.0	-8.20524204137e-16	0.136459216475	-26.9385275862	97584
990	-88.0	-8.20524204137e-16	0.217364728451	-26.0983578221	97673
991	-86.0	-8.20524204137e-16	0.2762812078	-28.2293705502	97760
992	-81.0	-8.20524204137e-16	0.241969451308	-28.24332973	97842
993	-166.0	-8.20524204137e-16	1.44169104099	-8.70096223922	98009
994	-83.0	-8.20524204137e-16	0.389189779758	-29.2879168647	98093
995	-98.0	-8.20524204137e-16	0.352025598288	-27.5542655533	98192
996	-72.0	-8.20524204137e-16	0.346649795771	-30.9184501171	98265
997	-61.0	-8.20524204137e-16	0.268468976021	-34.2914401139	98327
998	-79.0	-8.20524204137e-16	0.32033187151	-30.9942201495	98407
999	-69.0	-8.20524204137e-16	0.323868900537	-32.6336577892	98477
