0	21.0	1	0	0.0	21
1	14.0	1	0	0.0	35
2	15.0	1	0	0.0	50
3	22.0	1	0	0.0	72
4	17.0	1	0	0.0	89
5	25.0	1	0	0.0	114
6	12.0	1	0	0.0	126
7	12.0	1	0	0.0	138
8	19.0	1	0	0.0	157
9	61.0	1	0	0.0	218
10	19.0	1	0	0.0	237
11	27.0	1	0	0.0	264
12	18.0	1	0	0.0	282
13	24.0	1	0	0.0	306
14	22.0	1	0	0.0	328
15	37.0	1	0	0.0	365
16	15.0	1	0	0.0	380
17	12.0	1	0	0.0	392
18	43.0	1	0	0.0	435
19	13.0	1	0	0.0	448
20	12.0	1	0	0.0	460
21	25.0	1	0	0.0	485
22	16.0	1	0	0.0	501
23	14.0	1	0	0.0	515
24	24.0	1	0	0.0	539
25	16.0	1	0	0.0	555
26	16.0	1	0	0.0	571
27	12.0	1	0	0.0	583
28	8.0	1	0	0.0	591
29	39.0	1	0	0.0	630
30	16.0	1	0	0.0	646
31	15.0	1	0	0.0	661
32	26.0	1	0	0.0	687
33	17.0	1	0	0.0	704
34	24.0	1	0	0.0	728
35	11.0	1	0	0.0	739
36	13.0	1	0	0.0	752
37	26.0	1	0	0.0	778
38	18.0	1	0	0.0	796
39	28.0	1	0	0.0	824
40	32.0	1	0	0.0	856
41	20.0	1	0	0.0	876
42	18.0	1	0	0.0	894
43	12.0	1	0	0.0	906
44	18.0	1	0	0.0	924
45	15.0	1	0	0.0	939
46	8.0	1	0	0.0	947
47	39.0	1	0	0.0	986
48	24.0	1	0.361412316561	0.0	1010
49	31.0	0.98	0.149456873536	0.0	1041
50	21.0	0.97	0.271290957928	0.216682888213	1062
51	14.0	0.965	0.608961760998	0.0	1076
52	17.0	0.955	0.815701067448	0.0	1093
53	31.0	0.94	0.674738168716	0.130628801161	1124
54	26.0	0.93	0.365139782429	0.446178876437	1150
55	11.0	0.92	0.934806525707	0.0	1161
56	14.0	0.915	0.912029206753	0.485103573118	1175
57	10.0	0.91	1.25502943993	0.560148191452	1185
58	15.0	0.905	0.262626618147	0.577858606974	1200
59	20.0	0.895	0.629028618336	1.42440972328	1220
60	18.0	0.885	0.852071940899	0.636350313822	1238
61	20.0	0.875	0.963791787624	2.18604202271	1258
62	12.0	0.87	0.640854358673	0.875812530518	1270
63	18.0	0.86	0.572638869286	2.27874538634	1288
64	68.0	0.825	0.778918504715	3.35106880525	1356
65	10.0	0.82	1.05123662949	0.615269851685	1366
66	27.0	0.805	0.79263061285	2.25362099542	1393
67	34.0	0.79	0.912627995014	6.27701753729	1427
68	21.0	0.78	0.402048677206	7.58169174194	1448
69	15.0	0.77	0.831565082073	2.48324534098	1463
70	53.0	0.745	1.07711136341	6.28551717074	1516
71	31.0	0.73	2.15511488914	4.89641189575	1547
72	49.0	0.705	1.81199002266	3.55276695563	1596
73	28.0	0.69	1.04220473766	10.8047954014	1624
74	84.0	0.65	1.16051709652	13.9396722203	1708
75	89.0	0.605	1.71417081356	19.2419494457	1797
76	85.0	0.56	5.18734359741	18.4769811742	1882
77	116.0	0.505	10.7557535172	27.1337090196	1998
78	57.0	0.475	3.85383963585	29.2796664991	2055
79	97.0	0.425	4.45313596725	37.4218034843	2152
80	72.0	0.39	5.37562942505	38.2176819377	2224
81	150.0	0.315	3.72921395302	29.3278944081	2374
82	132.0	0.25	2.61473059654	37.8606276946	2506
83	177.0	0.16	0.989675164223	51.9212286324	2683
84	167.0	0.08	0.760721564293	48.4006871691	2850
85	167.0	-8.20524204137e-16	0.374201387167	54.4593293553	3017
86	190.0	-8.20524204137e-16	0.373423486948	62.5294248766	3207
87	200.0	-8.20524204137e-16	0.217938557267	71.1906820107	3407
88	151.0	-8.20524204137e-16	0.105739250779	56.6794090476	3558
89	200.0	-8.20524204137e-16	0.105858363211	81.6774733734	3758
90	200.0	-8.20524204137e-16	0.0758450254798	85.6696766472	3958
91	200.0	-8.20524204137e-16	0.132665142417	68.9344653988	4158
92	200.0	-8.20524204137e-16	0.0577539727092	65.2001437283	4358
93	200.0	-8.20524204137e-16	0.0382561907172	63.4494847107	4558
94	180.0	-8.20524204137e-16	0.0417879261076	59.3037162781	4738
95	197.0	-8.20524204137e-16	0.0461380034685	63.1225914786	4935
96	200.0	-8.20524204137e-16	0.0660523474216	72.2113216782	5135
97	200.0	-8.20524204137e-16	0.0545400194824	65.8983465624	5335
98	200.0	-8.20524204137e-16	0.0164667908102	62.9542181683	5535
99	200.0	-8.20524204137e-16	0.038547296077	90.0613158798	5735
100	200.0	-8.20524204137e-16	0.014176578261	68.0214886951	5935
101	200.0	-8.20524204137e-16	0.0143244657665	93.1621591187	6135
102	200.0	-8.20524204137e-16	0.521846234798	66.5170650101	6335
103	200.0	-8.20524204137e-16	0.0869172513485	59.7112936926	6535
104	200.0	-8.20524204137e-16	0.376802265644	79.5762616539	6735
105	200.0	-8.20524204137e-16	0.143261253834	88.2772278404	6935
106	200.0	-8.20524204137e-16	0.0938994213939	99.6901508331	7135
107	200.0	-8.20524204137e-16	0.0467971228063	93.8633701706	7335
108	200.0	-8.20524204137e-16	0.0786199644208	105.466750565	7535
109	200.0	-8.20524204137e-16	0.0207192897797	105.722149467	7735
110	200.0	-8.20524204137e-16	0.0380585119128	98.7923922729	7935
111	200.0	-8.20524204137e-16	0.0254048891366	103.197206154	8135
112	200.0	-8.20524204137e-16	0.0468432530761	104.754020004	8335
113	200.0	-8.20524204137e-16	0.0165356155485	104.815167656	8535
114	200.0	-8.20524204137e-16	0.0146528221667	104.834988747	8735
115	200.0	-8.20524204137e-16	0.0117235705256	105.754599075	8935
116	200.0	-8.20524204137e-16	0.0104918861762	105.322869072	9135
117	200.0	-8.20524204137e-16	0.0181082747877	105.491224174	9335
118	200.0	-8.20524204137e-16	0.00640940899029	105.136704521	9535
119	200.0	-8.20524204137e-16	0.00476056430489	104.775894318	9735
120	200.0	-8.20524204137e-16	0.0150845972821	104.49970356	9935
121	200.0	-8.20524204137e-16	0.0308218095452	104.100610504	10135
122	200.0	-8.20524204137e-16	0.0156625956297	103.024917412	10335
123	200.0	-8.20524204137e-16	0.00952234119177	103.601563148	10535
124	200.0	-8.20524204137e-16	0.00700816046447	103.576609535	10735
125	200.0	-8.20524204137e-16	0.0157269630581	104.036696777	10935
126	200.0	-8.20524204137e-16	0.0512825995684	103.52939415	11135
127	200.0	-8.20524204137e-16	0.00497696921229	104.055605583	11335
128	200.0	-8.20524204137e-16	0.00867654010653	103.815776901	11535
129	200.0	-8.20524204137e-16	0.067508906126	103.557366486	11735
130	200.0	-8.20524204137e-16	0.00409328565001	104.666718178	11935
131	200.0	-8.20524204137e-16	0.00896813254803	104.513044014	12135
132	200.0	-8.20524204137e-16	0.00990042462945	104.992388344	12335
133	200.0	-8.20524204137e-16	0.0144699783996	104.939657402	12535
134	200.0	-8.20524204137e-16	0.0213260762393	105.025054703	12735
135	200.0	-8.20524204137e-16	0.0175690986216	104.83817585	12935
136	200.0	-8.20524204137e-16	0.0783229619265	102.153565254	13135
137	200.0	-8.20524204137e-16	0.0227587576956	106.282521286	13335
138	200.0	-8.20524204137e-16	0.0145288538188	106.206756973	13535
139	200.0	-8.20524204137e-16	0.0450161993504	105.799301987	13735
140	200.0	-8.20524204137e-16	0.0211458317935	105.219261284	13935
141	200.0	-8.20524204137e-16	0.00276891863905	104.388680305	14135
142	200.0	-8.20524204137e-16	0.00307951797731	104.391907463	14335
143	200.0	-8.20524204137e-16	0.0129565522075	103.621671906	14535
144	11.0	-8.20524204137e-16	0.0759340971708	90.3061284152	14546
145	157.0	-8.20524204137e-16	0.457069158554	78.0969620966	14703
146	200.0	-8.20524204137e-16	1.17527663708	111.25315033	14903
147	200.0	-8.20524204137e-16	0.149479210377	114.48262825	15103
148	200.0	-8.20524204137e-16	0.538746118546	115.772931709	15303
149	200.0	-8.20524204137e-16	0.476566910744	115.836876221	15503
150	200.0	-8.20524204137e-16	0.0596585795283	118.473488426	15703
151	200.0	-8.20524204137e-16	0.0508117675781	117.750419769	15903
152	200.0	-8.20524204137e-16	0.0215363688767	119.761502571	16103
153	200.0	-8.20524204137e-16	0.0210697464645	116.433372498	16303
154	200.0	-8.20524204137e-16	0.00838664080948	116.486245308	16503
155	200.0	-8.20524204137e-16	0.0366890132427	103.905621185	16703
156	200.0	-8.20524204137e-16	0.0191942173988	112.159582863	16903
157	200.0	-8.20524204137e-16	0.0429891981184	114.301106529	17103
158	200.0	-8.20524204137e-16	0.033566173166	113.183175468	17303
159	200.0	-8.20524204137e-16	0.0242090132087	115.285801926	17503
160	200.0	-8.20524204137e-16	0.0151403378695	117.119013481	17703
161	200.0	-8.20524204137e-16	0.0380635820329	118.175528717	17903
162	200.0	-8.20524204137e-16	0.0226483698934	115.765221481	18103
163	200.0	-8.20524204137e-16	0.341204404831	123.411534119	18303
164	200.0	-8.20524204137e-16	0.0210988633335	124.943300209	18503
165	197.0	-8.20524204137e-16	0.523169875145	130.094608094	18700
166	33.0	-8.20524204137e-16	1.60284209251	110.280008258	18733
167	144.0	-8.20524204137e-16	2.21147227287	117.837190575	18877
168	12.0	-8.20524204137e-16	7.51896047592	115.130590439	18889
169	32.0	-8.20524204137e-16	60.8140983582	113.760175228	18921
170	17.0	-8.20524204137e-16	3.24358272552	115.440917969	18938
171	14.0	-8.20524204137e-16	7.68229007721	115.458686284	18952
172	140.0	-8.20524204137e-16	54.8581047058	123.352969687	19092
173	200.0	-8.20524204137e-16	4.50723981857	114.29510437	19292
174	200.0	-8.20524204137e-16	3.81464266777	110.18242836	19492
175	200.0	-8.20524204137e-16	5.18616580963	117.426249123	19692
176	178.0	-8.20524204137e-16	9.3702249527	114.624186312	19870
177	189.0	-8.20524204137e-16	10.3089542389	126.666111174	20059
178	200.0	-8.20524204137e-16	2.1188492775	130.596473961	20259
179	193.0	-8.20524204137e-16	0.974712967873	122.382339379	20452
180	200.0	-8.20524204137e-16	0.496406942606	130.477341309	20652
181	189.0	-8.20524204137e-16	0.636100411415	110.915038886	20841
182	200.0	-8.20524204137e-16	0.223251476884	117.879857807	21041
183	193.0	-8.20524204137e-16	0.439990073442	99.9031219424	21234
184	183.0	-8.20524204137e-16	0.334483712912	93.9236629723	21417
185	190.0	-8.20524204137e-16	0.154656514525	90.6674832375	21607
186	193.0	-8.20524204137e-16	0.398536175489	86.5217203316	21800
187	194.0	-8.20524204137e-16	0.196335747838	82.9577347853	21994
188	183.0	-8.20524204137e-16	0.276090323925	76.2903250978	22177
189	200.0	-8.20524204137e-16	0.0870584025979	79.6252498913	22377
190	200.0	-8.20524204137e-16	0.140792697668	94.3282647514	22577
191	200.0	-8.20524204137e-16	0.0916403606534	77.5473037434	22777
192	200.0	-8.20524204137e-16	0.0999830439687	87.2684892464	22977
193	200.0	-8.20524204137e-16	0.0599008090794	69.5636961555	23177
194	200.0	-8.20524204137e-16	0.0500583872199	71.7042494488	23377
195	200.0	-8.20524204137e-16	0.0601747594774	101.672886391	23577
196	200.0	-8.20524204137e-16	0.0403472222388	77.4164638901	23777
197	200.0	-8.20524204137e-16	0.0464495792985	90.3662563705	23977
198	200.0	-8.20524204137e-16	0.0362749435008	83.2471794701	24177
199	200.0	-8.20524204137e-16	0.0326106250286	65.6348398286	24377
200	200.0	-8.20524204137e-16	0.0317295193672	78.3917371941	24577
201	200.0	-8.20524204137e-16	0.0379306524992	71.8343845081	24777
202	200.0	-8.20524204137e-16	0.0432803817093	81.9616903687	24977
203	200.0	-8.20524204137e-16	0.0374318510294	85.3614631844	25177
204	200.0	-8.20524204137e-16	0.0211975798011	79.7263741112	25377
205	200.0	-8.20524204137e-16	0.0275389384478	66.0420444727	25577
206	200.0	-8.20524204137e-16	0.0233985669911	73.1119265842	25777
207	200.0	-8.20524204137e-16	0.0271783489734	66.6233585501	25977
208	200.0	-8.20524204137e-16	0.0301513914019	73.3264274597	26177
209	200.0	-8.20524204137e-16	0.0260616373271	68.8911711597	26377
210	200.0	-8.20524204137e-16	0.0272391326725	71.7764331532	26577
211	200.0	-8.20524204137e-16	0.0268588941544	60.5772497332	26777
212	200.0	-8.20524204137e-16	0.0376621223986	71.2652554607	26977
213	200.0	-8.20524204137e-16	0.188136354089	63.0011946249	27177
214	200.0	-8.20524204137e-16	0.0433754250407	77.5892671585	27377
215	200.0	-8.20524204137e-16	0.0211627427489	59.8782440165	27577
216	200.0	-8.20524204137e-16	0.0209277588874	73.5931868744	27777
217	200.0	-8.20524204137e-16	0.0191463176161	66.7906456757	27977
218	200.0	-8.20524204137e-16	0.0389520563185	68.7828227615	28177
219	200.0	-8.20524204137e-16	0.0097708683461	79.1727549362	28377
220	200.0	-8.20524204137e-16	0.0200735609978	67.3310469723	28577
221	200.0	-8.20524204137e-16	0.00919355172664	68.0666812325	28777
222	200.0	-8.20524204137e-16	0.00828045234084	70.4570003891	28977
223	200.0	-8.20524204137e-16	0.0115259671584	75.7504917717	29177
224	200.0	-8.20524204137e-16	0.0913689360023	69.6616679287	29377
225	200.0	-8.20524204137e-16	0.00979171413928	68.8980045319	29577
226	200.0	-8.20524204137e-16	0.0100236749277	80.5701517296	29777
227	200.0	-8.20524204137e-16	0.0152575578541	76.7918024063	29977
228	200.0	-8.20524204137e-16	0.0119621846825	67.3109084797	30177
229	200.0	-8.20524204137e-16	0.0105528859422	68.84871521	30377
230	200.0	-8.20524204137e-16	0.00799034629017	76.3572526169	30577
231	200.0	-8.20524204137e-16	0.021261325106	81.858330822	30777
232	200.0	-8.20524204137e-16	0.0203230623156	80.845349865	30977
233	200.0	-8.20524204137e-16	0.0148506006226	74.7079066467	31177
234	200.0	-8.20524204137e-16	0.0155895678326	76.4413162041	31377
235	200.0	-8.20524204137e-16	0.0064845001325	79.1777503204	31577
236	200.0	-8.20524204137e-16	0.0209811925888	75.9051550484	31777
237	200.0	-8.20524204137e-16	0.0127058811486	79.7030543137	31977
238	200.0	-8.20524204137e-16	0.00239433953539	83.1451668167	32177
239	200.0	-8.20524204137e-16	0.00984435528517	83.3061120987	32377
240	200.0	-8.20524204137e-16	0.011915593408	79.6943507576	32577
241	200.0	-8.20524204137e-16	0.00730138458312	84.4152341461	32777
242	200.0	-8.20524204137e-16	0.0661685392261	84.2536482239	32977
243	200.0	-8.20524204137e-16	0.012292006053	91.5253452301	33177
244	200.0	-8.20524204137e-16	0.00674015656114	85.3789490509	33377
245	200.0	-8.20524204137e-16	0.0127667393535	94.5285935974	33577
246	200.0	-8.20524204137e-16	0.00772220315412	90.9832089996	33777
247	200.0	-8.20524204137e-16	0.011590892449	88.5297159958	33977
248	200.0	-8.20524204137e-16	0.0126474974677	90.5641676712	34177
249	140.0	-8.20524204137e-16	0.0471304766834	92.6858280727	34317
250	106.0	-8.20524204137e-16	0.17804031074	80.1497075732	34423
251	174.0	-8.20524204137e-16	0.062391012907	86.8310378783	34597
252	163.0	-8.20524204137e-16	0.128650024533	80.8547273596	34760
253	200.0	-8.20524204137e-16	0.278669893742	94.8956402206	34960
254	200.0	-8.20524204137e-16	0.138117641211	93.0132643509	35160
255	145.0	-8.20524204137e-16	0.102448523045	67.0583305786	35305
256	175.0	-8.20524204137e-16	0.0776195824146	69.3248087992	35480
257	200.0	-8.20524204137e-16	0.0636553168297	83.5378029251	35680
258	200.0	-8.20524204137e-16	0.08344899863	101.023263054	35880
259	200.0	-8.20524204137e-16	0.0657525062561	98.2501109314	36080
260	200.0	-8.20524204137e-16	0.0513638779521	68.0925815582	36280
261	200.0	-8.20524204137e-16	0.522437334061	141.383389931	36480
262	139.0	-8.20524204137e-16	0.552724540234	145.579133452	36619
263	110.0	-8.20524204137e-16	16.3069267273	107.709571075	36729
264	165.0	-8.20524204137e-16	2.93796181679	39.9679993982	36894
265	200.0	-8.20524204137e-16	9.64468002319	100.066251564	37094
266	200.0	-8.20524204137e-16	90.3436050415	135.171093712	37294
267	200.0	-8.20524204137e-16	49.6078987122	161.130326653	37494
268	200.0	-8.20524204137e-16	21.5060691833	206.932766571	37694
269	200.0	-8.20524204137e-16	3.00303411484	238.400104141	37894
270	200.0	-8.20524204137e-16	4.68206501007	303.938415375	38094
271	18.0	-8.20524204137e-16	7.2862663269	268.877985636	38112
272	15.0	-8.20524204137e-16	21.0286540985	275.32816569	38127
273	193.0	-8.20524204137e-16	67.6713638306	394.253936689	38320
274	200.0	-8.20524204137e-16	64.1184692383	336.691481094	38520
275	200.0	-8.20524204137e-16	47.4596405029	376.618427887	38720
276	200.0	-8.20524204137e-16	27.41746521	375.364678802	38920
277	200.0	-8.20524204137e-16	26.0694923401	357.171321869	39120
278	200.0	-8.20524204137e-16	5.52747917175	342.804144897	39320
279	200.0	-8.20524204137e-16	2.40058326721	323.367568207	39520
280	200.0	-8.20524204137e-16	2.25328946114	305.949812393	39720
281	198.0	-8.20524204137e-16	2.07578682899	292.732502407	39918
282	191.0	-8.20524204137e-16	4.33044576645	287.625933902	40109
283	187.0	-8.20524204137e-16	8.53892230988	275.007830533	40296
284	200.0	-8.20524204137e-16	122.477706909	258.828155594	40496
285	176.0	-8.20524204137e-16	26.2702980042	242.982968244	40672
286	192.0	-8.20524204137e-16	2.57897520065	228.371772885	40864
287	177.0	-8.20524204137e-16	2.7056157589	211.520550227	41041
288	185.0	-8.20524204137e-16	4.18328952789	196.448078599	41226
289	185.0	-8.20524204137e-16	2.86340808868	181.810580712	41411
290	179.0	-8.20524204137e-16	2.00516653061	164.944258807	41590
291	182.0	-8.20524204137e-16	1.78843569756	152.050920709	41772
292	185.0	-8.20524204137e-16	1.47620975971	141.588768291	41957
293	198.0	-8.20524204137e-16	1.05799150467	138.123436629	42155
294	188.0	-8.20524204137e-16	0.595993876457	125.04532553	42343
295	185.0	-8.20524204137e-16	0.653105318546	115.952714781	42528
296	180.0	-8.20524204137e-16	0.475841671228	106.671287931	42708
297	176.0	-8.20524204137e-16	0.382953554392	95.5007167252	42884
298	185.0	-8.20524204137e-16	0.329742074013	91.007308949	43069
299	182.0	-8.20524204137e-16	0.351700544357	81.622928398	43251
300	181.0	-8.20524204137e-16	0.313912630081	74.055905504	43432
301	179.0	-8.20524204137e-16	0.268352717161	67.614809922	43611
302	180.0	-8.20524204137e-16	0.17478826642	64.4800371594	43791
303	181.0	-8.20524204137e-16	0.231012091041	63.8583770312	43972
304	187.0	-8.20524204137e-16	0.204939037561	62.7971664508	44159
305	186.0	-8.20524204137e-16	0.157415241003	60.7464217063	44345
306	187.0	-8.20524204137e-16	0.165751338005	58.8892256869	44532
307	193.0	-8.20524204137e-16	0.26557046175	59.0778340392	44725
308	200.0	-8.20524204137e-16	0.107357360423	60.10461519	44925
309	183.0	-8.20524204137e-16	0.18191985786	56.7147635932	45108
310	189.0	-8.20524204137e-16	0.272910177708	58.5405296295	45297
311	186.0	-8.20524204137e-16	1.17143940926	58.9487157432	45483
312	180.0	-8.20524204137e-16	0.178583219647	59.504356771	45663
313	193.0	-8.20524204137e-16	0.105801254511	59.8709101257	45856
314	194.0	-8.20524204137e-16	0.150852948427	60.9703091666	46050
315	200.0	-8.20524204137e-16	0.260190606117	61.9674377728	46250
316	200.0	-8.20524204137e-16	0.15138246119	64.8472300434	46450
317	200.0	-8.20524204137e-16	0.372682988644	62.9587160277	46650
318	200.0	-8.20524204137e-16	0.290598779917	64.5631667733	46850
319	197.0	-8.20524204137e-16	0.237077787519	61.225368035	47047
320	198.0	-8.20524204137e-16	0.0798094049096	60.4139072112	47245
321	200.0	-8.20524204137e-16	0.0938535481691	62.6180583906	47445
322	200.0	-8.20524204137e-16	0.207120850682	66.3608687592	47645
323	200.0	-8.20524204137e-16	1.09932804108	65.759669466	47845
324	200.0	-8.20524204137e-16	0.254549831152	68.8128435135	48045
325	200.0	-8.20524204137e-16	0.0694526135921	68.7242275715	48245
326	200.0	-8.20524204137e-16	0.100535571575	68.1983179188	48445
327	200.0	-8.20524204137e-16	0.088238440454	69.1498483849	48645
328	200.0	-8.20524204137e-16	0.0807757377625	72.0168001175	48845
329	200.0	-8.20524204137e-16	0.0920073315501	71.2974619675	49045
330	200.0	-8.20524204137e-16	0.0690976530313	71.3478318977	49245
331	200.0	-8.20524204137e-16	0.135520204902	72.4779288483	49445
332	200.0	-8.20524204137e-16	0.160249888897	75.5349763107	49645
333	200.0	-8.20524204137e-16	0.0526515729725	77.4778203011	49845
334	200.0	-8.20524204137e-16	0.0756966620684	79.3285322762	50045
335	200.0	-8.20524204137e-16	0.0563107281923	81.9827546501	50245
336	200.0	-8.20524204137e-16	0.0814557671547	84.1985273552	50445
337	200.0	-8.20524204137e-16	0.298983693123	86.884385643	50645
338	200.0	-8.20524204137e-16	0.081876039505	90.8842969131	50845
339	200.0	-8.20524204137e-16	0.177684307098	92.6502774429	51045
340	200.0	-8.20524204137e-16	0.147024482489	97.4785569	51245
341	200.0	-8.20524204137e-16	0.0719855725765	97.5466172028	51445
342	200.0	-8.20524204137e-16	0.057608384639	101.61063118	51645
343	200.0	-8.20524204137e-16	0.0923182293773	104.206628685	51845
344	134.0	-8.20524204137e-16	0.185808137059	110.724434582	51979
345	200.0	-8.20524204137e-16	0.685995042324	98.378592453	52179
346	200.0	-8.20524204137e-16	13.1065359116	122.792618523	52379
347	200.0	-8.20524204137e-16	1.82989048958	130.730872765	52579
348	200.0	-8.20524204137e-16	2.35458731651	124.229140892	52779
349	200.0	-8.20524204137e-16	1.00989806652	124.876458483	52979
350	200.0	-8.20524204137e-16	1.57708156109	122.390336295	53179
351	200.0	-8.20524204137e-16	1.05271780491	125.00652956	53379
352	200.0	-8.20524204137e-16	1.0850725174	136.772736702	53579
353	200.0	-8.20524204137e-16	0.708937883377	137.233102951	53779
354	200.0	-8.20524204137e-16	0.651779472828	135.371364632	53979
355	200.0	-8.20524204137e-16	1.10618829727	131.523166246	54179
356	200.0	-8.20524204137e-16	0.537575304508	111.675385038	54379
357	200.0	-8.20524204137e-16	0.296884894371	93.708935979	54579
358	200.0	-8.20524204137e-16	0.819317698479	86.2778546935	54779
359	200.0	-8.20524204137e-16	1.19816195965	94.728929565	54979
360	200.0	-8.20524204137e-16	0.252393454313	105.021460056	55179
361	200.0	-8.20524204137e-16	0.450539708138	129.005753212	55379
362	200.0	-8.20524204137e-16	0.214474484324	133.872954292	55579
363	200.0	-8.20524204137e-16	0.50666898489	135.332890282	55779
364	200.0	-8.20524204137e-16	0.373145699501	126.736672287	55979
365	200.0	-8.20524204137e-16	0.610862135887	129.736260376	56179
366	200.0	-8.20524204137e-16	0.328082203865	133.074828491	56379
367	200.0	-8.20524204137e-16	0.401179879904	129.962314301	56579
368	200.0	-8.20524204137e-16	0.213076651096	126.942490616	56779
369	200.0	-8.20524204137e-16	0.21893581748	128.266215324	56979
370	200.0	-8.20524204137e-16	0.126026928425	126.976162224	57179
371	200.0	-8.20524204137e-16	0.0692006498575	125.698953857	57379
372	200.0	-8.20524204137e-16	0.0801153481007	123.53917366	57579
373	200.0	-8.20524204137e-16	0.271630823612	119.143749695	57779
374	200.0	-8.20524204137e-16	0.190872147679	121.64345295	57979
375	200.0	-8.20524204137e-16	0.290225595236	121.982214165	58179
376	200.0	-8.20524204137e-16	0.115313030779	120.879166145	58379
377	200.0	-8.20524204137e-16	0.105257451534	118.645299797	58579
378	200.0	-8.20524204137e-16	0.151854142547	116.684558144	58779
379	200.0	-8.20524204137e-16	0.42790594697	116.619665298	58979
380	200.0	-8.20524204137e-16	0.190822303295	116.066802711	59179
381	200.0	-8.20524204137e-16	0.178690835834	116.601295967	59379
382	197.0	-8.20524204137e-16	0.136848807335	104.821265096	59576
383	200.0	-8.20524204137e-16	0.372733771801	89.2482987213	59776
384	200.0	-8.20524204137e-16	0.153805106878	116.012455902	59976
385	200.0	-8.20524204137e-16	0.234903618693	116.396165314	60176
386	200.0	-8.20524204137e-16	0.170006468892	116.063186684	60376
387	200.0	-8.20524204137e-16	0.216726586223	115.142668037	60576
388	200.0	-8.20524204137e-16	0.0876866802573	113.864944305	60776
389	200.0	-8.20524204137e-16	0.0669618323445	113.675109558	60976
390	200.0	-8.20524204137e-16	0.0228717513382	114.181007652	61176
391	200.0	-8.20524204137e-16	0.0904729738832	95.8303540802	61376
392	200.0	-8.20524204137e-16	0.114600904286	111.617395744	61576
393	200.0	-8.20524204137e-16	0.095438182354	110.81265007	61776
394	200.0	-8.20524204137e-16	0.0643197745085	110.9294104	61976
395	200.0	-8.20524204137e-16	0.0560805089772	110.417267303	62176
396	200.0	-8.20524204137e-16	0.0398512966931	109.659112816	62376
397	200.0	-8.20524204137e-16	0.0390589162707	109.724643364	62576
398	200.0	-8.20524204137e-16	0.062550753355	109.284136696	62776
399	200.0	-8.20524204137e-16	0.0155483400449	109.478229904	62976
400	200.0	-8.20524204137e-16	0.0406257249415	108.507677803	63176
401	200.0	-8.20524204137e-16	0.0176536440849	106.946939011	63376
402	200.0	-8.20524204137e-16	0.0262614004314	98.0423868561	63576
403	200.0	-8.20524204137e-16	0.0892530977726	106.253722191	63776
404	200.0	-8.20524204137e-16	0.0376641526818	105.833554726	63976
405	200.0	-8.20524204137e-16	0.0455277636647	106.200193787	64176
406	200.0	-8.20524204137e-16	0.0370652526617	106.076955872	64376
407	200.0	-8.20524204137e-16	0.0654399693012	107.006757736	64576
408	200.0	-8.20524204137e-16	0.0787405222654	107.254960709	64776
409	200.0	-8.20524204137e-16	0.0454541258514	107.343558807	64976
410	200.0	-8.20524204137e-16	0.0226855594665	107.457704391	65176
411	200.0	-8.20524204137e-16	0.0499766729772	106.297112656	65376
412	200.0	-8.20524204137e-16	0.020165996626	106.381912918	65576
413	200.0	-8.20524204137e-16	0.0420137271285	105.055515823	65776
414	200.0	-8.20524204137e-16	0.0727997124195	104.379277039	65976
415	200.0	-8.20524204137e-16	0.0415516272187	105.292779846	66176
416	200.0	-8.20524204137e-16	0.0368171706796	105.196308975	66376
417	200.0	-8.20524204137e-16	0.0319228321314	104.62684906	66576
418	200.0	-8.20524204137e-16	0.0227342508733	106.321611519	66776
419	200.0	-8.20524204137e-16	0.0778413787484	105.723397484	66976
420	200.0	-8.20524204137e-16	0.0252177808434	103.930216904	67176
421	200.0	-8.20524204137e-16	0.0327989906073	104.924491043	67376
422	200.0	-8.20524204137e-16	0.033818796277	105.781561432	67576
423	200.0	-8.20524204137e-16	0.0162670239806	104.885225372	67776
424	200.0	-8.20524204137e-16	0.087782882154	103.704677734	67976
425	200.0	-8.20524204137e-16	0.0302230268717	104.990690384	68176
426	200.0	-8.20524204137e-16	0.0368470065296	104.612175064	68376
427	200.0	-8.20524204137e-16	0.0521816760302	111.903234024	68576
428	174.0	-8.20524204137e-16	0.139871031046	120.505614138	68750
429	34.0	-8.20524204137e-16	8.73917865753	105.935523314	68784
430	92.0	-8.20524204137e-16	6.10550308228	43.0034874872	68876
431	196.0	-8.20524204137e-16	3.25661373138	117.168607867	69072
432	147.0	-8.20524204137e-16	2.54696154594	123.573177467	69219
433	163.0	-8.20524204137e-16	6.89031124115	82.1457888802	69382
434	179.0	-8.20524204137e-16	2.46756982803	122.443209003	69561
435	200.0	-8.20524204137e-16	1.18622946739	128.179306946	69761
436	200.0	-8.20524204137e-16	2.54392266273	129.806938782	69961
437	200.0	-8.20524204137e-16	0.396523326635	122.000199928	70161
438	200.0	-8.20524204137e-16	0.207677960396	102.884848366	70361
439	200.0	-8.20524204137e-16	0.335778921843	128.943826561	70561
440	200.0	-8.20524204137e-16	0.36509796977	125.450618553	70761
441	200.0	-8.20524204137e-16	0.366368532181	126.347902412	70961
442	200.0	-8.20524204137e-16	0.399771153927	131.43437439	71161
443	200.0	-8.20524204137e-16	0.305793642998	129.637417755	71361
444	200.0	-8.20524204137e-16	0.111780375242	122.733848114	71561
445	200.0	-8.20524204137e-16	0.132823079824	119.748255539	71761
446	200.0	-8.20524204137e-16	0.146573975682	116.949821205	71961
447	200.0	-8.20524204137e-16	0.0950106456876	121.261953735	72161
448	200.0	-8.20524204137e-16	0.111139364541	122.667241096	72361
449	148.0	-8.20524204137e-16	0.191757529974	109.867587734	72509
450	91.0	-8.20524204137e-16	2.46087026596	93.9662492354	72600
451	200.0	-8.20524204137e-16	0.484838366508	115.833787651	72800
452	200.0	-8.20524204137e-16	0.933272242546	115.69548645	73000
453	200.0	-8.20524204137e-16	0.276791542768	119.472964973	73200
454	200.0	-8.20524204137e-16	1.08599364758	114.270256157	73400
455	200.0	-8.20524204137e-16	0.438853085041	103.438425213	73600
456	200.0	-8.20524204137e-16	0.177805945277	122.754100113	73800
457	200.0	-8.20524204137e-16	0.188676580787	121.982554588	74000
458	200.0	-8.20524204137e-16	0.338800996542	122.163131599	74200
459	190.0	-8.20524204137e-16	0.628404378891	46.4804941196	74390
460	200.0	-8.20524204137e-16	1.62742388248	110.676185265	74590
461	200.0	-8.20524204137e-16	0.479233622551	114.292881699	74790
462	198.0	-8.20524204137e-16	0.429842710495	60.9115068515	74988
463	184.0	-8.20524204137e-16	3.38969326019	58.727017122	75172
464	170.0	-8.20524204137e-16	0.177855953574	57.4284075011	75342
465	200.0	-8.20524204137e-16	0.250848770142	113.183482475	75542
466	200.0	-8.20524204137e-16	0.137153804302	117.797881012	75742
467	200.0	-8.20524204137e-16	0.278902322054	117.695842056	75942
468	200.0	-8.20524204137e-16	0.174677908421	117.236309395	76142
469	200.0	-8.20524204137e-16	0.127012997866	118.897022858	76342
470	200.0	-8.20524204137e-16	0.0418949089944	116.242925758	76542
471	200.0	-8.20524204137e-16	0.0212123207748	114.928024712	76742
472	200.0	-8.20524204137e-16	0.022476458922	114.65735424	76942
473	200.0	-8.20524204137e-16	0.0132975187153	111.729708786	77142
474	200.0	-8.20524204137e-16	0.0252714529634	111.640561676	77342
475	200.0	-8.20524204137e-16	0.00839546043426	110.40094326	77542
476	200.0	-8.20524204137e-16	0.0143600432202	109.802419968	77742
477	200.0	-8.20524204137e-16	0.00852267537266	108.856614227	77942
478	200.0	-8.20524204137e-16	0.00715741654858	107.447225571	78142
479	200.0	-8.20524204137e-16	0.00712569104508	106.49783474	78342
480	200.0	-8.20524204137e-16	0.00563909299672	105.899555626	78542
481	200.0	-8.20524204137e-16	0.0211533792317	105.220628242	78742
482	200.0	-8.20524204137e-16	0.00428390828893	104.205167847	78942
483	200.0	-8.20524204137e-16	0.00242810859345	103.789336281	79142
484	200.0	-8.20524204137e-16	0.00387418596074	103.6804776	79342
485	200.0	-8.20524204137e-16	0.00576198287308	103.391962051	79542
486	200.0	-8.20524204137e-16	0.00577163230628	102.897308807	79742
487	200.0	-8.20524204137e-16	0.0104487929493	102.277801857	79942
488	200.0	-8.20524204137e-16	0.0100256875157	101.510152359	80142
489	200.0	-8.20524204137e-16	0.00789031852037	101.642703476	80342
490	200.0	-8.20524204137e-16	0.00577041087672	101.968827438	80542
491	200.0	-8.20524204137e-16	0.043603733182	104.318656158	80742
492	200.0	-8.20524204137e-16	0.0335158444941	114.304213524	80942
493	200.0	-8.20524204137e-16	0.0371366031468	113.122327271	81142
494	200.0	-8.20524204137e-16	0.0580520518124	115.079821854	81342
495	200.0	-8.20524204137e-16	0.0889528915286	116.34687767	81542
496	200.0	-8.20524204137e-16	0.0367064848542	117.421570396	81742
497	191.0	-8.20524204137e-16	0.271000057459	111.15661663	81933
498	200.0	-8.20524204137e-16	0.582815468311	117.810700531	82133
499	200.0	-8.20524204137e-16	0.227564156055	118.74507637	82333
500	200.0	-8.20524204137e-16	0.777579545975	135.866093826	82533
501	183.0	-8.20524204137e-16	0.404595017433	76.0230675187	82716
502	200.0	-8.20524204137e-16	0.218165144324	144.91251339	82916
503	200.0	-8.20524204137e-16	0.189036369324	137.453068275	83116
504	200.0	-8.20524204137e-16	0.106479540467	137.251725578	83316
505	200.0	-8.20524204137e-16	0.132005408406	132.909619064	83516
506	200.0	-8.20524204137e-16	0.16892786324	134.305732841	83716
507	200.0	-8.20524204137e-16	0.0333968326449	133.747295761	83916
508	200.0	-8.20524204137e-16	0.0350322835147	133.472907028	84116
509	200.0	-8.20524204137e-16	0.0448136515915	132.752460327	84316
510	200.0	-8.20524204137e-16	0.0371093377471	131.151210327	84516
511	200.0	-8.20524204137e-16	0.0803455933928	122.173446846	84716
512	200.0	-8.20524204137e-16	0.0631629675627	124.51467308	84916
513	200.0	-8.20524204137e-16	0.118988536298	127.090716553	85116
514	200.0	-8.20524204137e-16	0.0768107399344	124.967410545	85316
515	200.0	-8.20524204137e-16	0.0196727458388	124.220516357	85516
516	200.0	-8.20524204137e-16	0.0271484777331	123.031060905	85716
517	200.0	-8.20524204137e-16	0.012510384433	120.924260406	85916
518	200.0	-8.20524204137e-16	0.0221111439168	121.057648354	86116
519	200.0	-8.20524204137e-16	0.0781700536609	115.143172607	86316
520	200.0	-8.20524204137e-16	0.0497781187296	120.121089478	86516
521	200.0	-8.20524204137e-16	0.0707735270262	119.379519844	86716
522	200.0	-8.20524204137e-16	0.0515246391296	119.459850616	86916
523	200.0	-8.20524204137e-16	0.0515706762671	119.190044022	87116
524	200.0	-8.20524204137e-16	0.283341467381	111.567593498	87316
525	200.0	-8.20524204137e-16	0.0825586542487	115.265351563	87516
526	200.0	-8.20524204137e-16	0.0602581985295	119.542518845	87716
527	200.0	-8.20524204137e-16	0.0531099140644	118.91345665	87916
528	200.0	-8.20524204137e-16	0.0880603119731	119.977113914	88116
529	200.0	-8.20524204137e-16	0.115967601538	121.954172745	88316
530	200.0	-8.20524204137e-16	0.0452618040144	121.529365921	88516
531	200.0	-8.20524204137e-16	0.0262459330261	119.907767563	88716
532	184.0	-8.20524204137e-16	0.0381156541407	98.9993319304	88900
533	109.0	-8.20524204137e-16	1.03539812565	122.067605255	89009
534	200.0	-8.20524204137e-16	1.44071614742	96.3307081413	89209
535	200.0	-8.20524204137e-16	0.995833516121	121.537977028	89409
536	200.0	-8.20524204137e-16	1.66307234764	125.746087799	89609
537	200.0	-8.20524204137e-16	3.25732707977	140.099139614	89809
538	169.0	-8.20524204137e-16	2.37747526169	139.84783154	89978
539	177.0	-8.20524204137e-16	0.614417374134	140.812179803	90155
540	167.0	-8.20524204137e-16	1.46846532822	131.562211198	90322
541	200.0	-8.20524204137e-16	0.773896098137	165.886899147	90522
542	200.0	-8.20524204137e-16	0.621317148209	128.307357776	90722
543	38.0	-8.20524204137e-16	0.752793073654	170.471974825	90760
544	142.0	-8.20524204137e-16	0.881659686565	100.685598424	90902
545	157.0	-8.20524204137e-16	1.04828369617	100.260546642	91059
546	186.0	-8.20524204137e-16	1.74819421768	105.901707936	91245
547	198.0	-8.20524204137e-16	0.58669936657	105.196723188	91443
548	200.0	-8.20524204137e-16	0.532600045204	109.873566594	91643
549	199.0	-8.20524204137e-16	0.303970217705	93.2084389727	91842
550	185.0	-8.20524204137e-16	0.141001209617	82.8018428587	92027
551	200.0	-8.20524204137e-16	0.161600723863	99.3155137634	92227
552	200.0	-8.20524204137e-16	0.180442079902	147.295331039	92427
553	200.0	-8.20524204137e-16	0.0784882903099	137.260037918	92627
554	200.0	-8.20524204137e-16	0.141975358129	147.601361008	92827
555	200.0	-8.20524204137e-16	0.0770154371858	143.747655334	93027
556	200.0	-8.20524204137e-16	0.035403072834	137.339238358	93227
557	200.0	-8.20524204137e-16	0.0529690943658	135.5508535	93427
558	200.0	-8.20524204137e-16	0.00891157519072	130.49724678	93627
559	200.0	-8.20524204137e-16	0.0118457078934	129.193815079	93827
560	200.0	-8.20524204137e-16	0.0253790970892	130.162076797	94027
561	200.0	-8.20524204137e-16	0.0485871918499	124.14262661	94227
562	200.0	-8.20524204137e-16	0.0143225956708	122.432615547	94427
563	200.0	-8.20524204137e-16	0.0115423984826	121.292908554	94627
564	200.0	-8.20524204137e-16	0.0150153199211	117.433444176	94827
565	200.0	-8.20524204137e-16	0.00769225833938	115.037381592	95027
566	200.0	-8.20524204137e-16	0.00589774362743	114.868031693	95227
567	200.0	-8.20524204137e-16	0.0628299713135	113.230332222	95427
568	200.0	-8.20524204137e-16	0.0119676329195	112.144897728	95627
569	200.0	-8.20524204137e-16	0.0127119254321	110.644737091	95827
570	200.0	-8.20524204137e-16	0.0082915276289	110.25810833	96027
571	200.0	-8.20524204137e-16	0.00692046387121	109.719749184	96227
572	200.0	-8.20524204137e-16	0.00825572386384	108.881239128	96427
573	200.0	-8.20524204137e-16	0.0138380602002	108.434835129	96627
574	200.0	-8.20524204137e-16	0.0305907577276	108.139337654	96827
575	200.0	-8.20524204137e-16	0.026446307078	107.439550934	97027
576	200.0	-8.20524204137e-16	0.0128196720034	107.349859962	97227
577	200.0	-8.20524204137e-16	0.00638436432928	106.890726814	97427
578	200.0	-8.20524204137e-16	0.0193218644708	108.333628349	97627
579	200.0	-8.20524204137e-16	0.0280631873757	105.972588043	97827
580	200.0	-8.20524204137e-16	0.019840573892	105.022253456	98027
581	200.0	-8.20524204137e-16	0.0585209019482	105.107960777	98227
582	200.0	-8.20524204137e-16	0.113737948239	105.079383926	98427
583	200.0	-8.20524204137e-16	0.00877744704485	105.01824688	98627
584	200.0	-8.20524204137e-16	0.0509374365211	105.358220291	98827
585	200.0	-8.20524204137e-16	0.0315185040236	104.595531006	99027
586	200.0	-8.20524204137e-16	0.0184597913176	104.476228027	99227
587	200.0	-8.20524204137e-16	0.0320079065859	103.617610207	99427
588	200.0	-8.20524204137e-16	0.0299527551979	103.232933006	99627
589	200.0	-8.20524204137e-16	0.00698921782896	103.301446724	99827
590	200.0	-8.20524204137e-16	0.00750836962834	103.802863045	100027
591	200.0	-8.20524204137e-16	0.0469500645995	104.018362465	100227
592	200.0	-8.20524204137e-16	0.0251632016152	98.6362261963	100427
593	200.0	-8.20524204137e-16	0.0167780276388	104.803333931	100627
594	200.0	-8.20524204137e-16	0.0117912217975	104.580170403	100827
595	200.0	-8.20524204137e-16	0.0179799143225	105.54041256	101027
596	200.0	-8.20524204137e-16	0.199096083641	95.4379908752	101227
597	200.0	-8.20524204137e-16	0.122351579368	106.272728767	101427
598	200.0	-8.20524204137e-16	0.0239984169602	98.7718572235	101627
599	200.0	-8.20524204137e-16	0.665049612522	102.600527878	101827
600	200.0	-8.20524204137e-16	0.130829483271	101.600926018	102027
601	200.0	-8.20524204137e-16	0.0842765718699	108.919490967	102227
602	200.0	-8.20524204137e-16	0.41687515378	113.146598854	102427
603	200.0	-8.20524204137e-16	0.208347395062	121.428622856	102627
604	200.0	-8.20524204137e-16	0.134735777974	143.750487709	102827
605	200.0	-8.20524204137e-16	0.0686463266611	156.878119965	103027
606	200.0	-8.20524204137e-16	0.159216627479	176.188896866	103227
607	183.0	-8.20524204137e-16	2.40967488289	191.951874696	103410
608	119.0	-8.20524204137e-16	17.989522934	203.057758363	103529
609	99.0	-8.20524204137e-16	1.02202546597	193.661026772	103628
610	53.0	-8.20524204137e-16	10.9929447174	186.906660548	103681
611	103.0	-8.20524204137e-16	9.98082256317	201.982172697	103784
612	200.0	-8.20524204137e-16	29.0699653625	193.106754684	103984
613	200.0	-8.20524204137e-16	8.32973766327	221.033682098	104184
614	200.0	-8.20524204137e-16	18.3265743256	261.583250809	104384
615	200.0	-8.20524204137e-16	17.9637374878	277.800665436	104584
616	49.0	-8.20524204137e-16	3.79907131195	286.096396933	104633
617	49.0	-8.20524204137e-16	8.1262845993	276.811552709	104682
618	116.0	-8.20524204137e-16	9.03029823303	224.936603283	104798
619	200.0	-8.20524204137e-16	10.9876012802	296.333582306	104998
620	163.0	-8.20524204137e-16	10.6676244736	177.871925031	105161
621	200.0	-8.20524204137e-16	14.4587917328	193.982923239	105361
622	200.0	-8.20524204137e-16	153.092544556	222.677463379	105561
623	200.0	-8.20524204137e-16	6.04669618607	356.316475677	105761
624	163.0	-8.20524204137e-16	3.12145090103	381.166499881	105924
625	176.0	-8.20524204137e-16	149.296859741	350.170534481	106100
626	183.0	-8.20524204137e-16	7.86351251602	325.236432185	106283
627	180.0	-8.20524204137e-16	22.9890670776	307.768037838	106463
628	181.0	-8.20524204137e-16	1.72431826591	284.279659471	106644
629	197.0	-8.20524204137e-16	6.04602003098	264.845414424	106841
630	193.0	-8.20524204137e-16	1.9000493288	242.86828075	107034
631	200.0	-8.20524204137e-16	4.2967467308	233.961358089	107234
632	200.0	-8.20524204137e-16	1.45018529892	222.969481812	107434
633	200.0	-8.20524204137e-16	0.869999945164	189.099291725	107634
634	200.0	-8.20524204137e-16	1.62121903896	153.555839016	107834
635	194.0	-8.20524204137e-16	0.749679863453	131.198539103	108028
636	187.0	-8.20524204137e-16	1.2381156683	128.97254453	108215
637	200.0	-8.20524204137e-16	0.98076993227	120.663860644	108415
638	200.0	-8.20524204137e-16	0.559583604336	143.88846817	108615
639	200.0	-8.20524204137e-16	4.07375717163	154.884766159	108815
640	200.0	-8.20524204137e-16	3.78357076645	161.031837463	109015
641	200.0	-8.20524204137e-16	0.284402370453	156.254045258	109215
642	200.0	-8.20524204137e-16	0.147139847279	147.39746994	109415
643	200.0	-8.20524204137e-16	0.145497173071	149.611769333	109615
644	200.0	-8.20524204137e-16	0.0809678807855	143.0068367	109815
645	200.0	-8.20524204137e-16	0.0645028650761	138.743189545	110015
646	200.0	-8.20524204137e-16	0.0812705233693	138.118510513	110215
647	200.0	-8.20524204137e-16	0.0628087520599	133.934061508	110415
648	200.0	-8.20524204137e-16	0.0596393160522	132.159304047	110615
649	200.0	-8.20524204137e-16	0.0561544448137	129.043115311	110815
650	200.0	-8.20524204137e-16	0.0594614259899	128.473092041	111015
651	200.0	-8.20524204137e-16	0.0519786924124	125.705639992	111215
652	200.0	-8.20524204137e-16	0.0434902198613	124.982841988	111415
653	200.0	-8.20524204137e-16	0.0372182428837	121.822148323	111615
654	200.0	-8.20524204137e-16	0.0305737350136	119.983879089	111815
655	113.0	-8.20524204137e-16	0.215545803308	36.0978538979	111928
656	98.0	-8.20524204137e-16	2.45679569244	20.0258581882	112026
657	50.0	-8.20524204137e-16	12.1538228989	114.805032501	112076
658	35.0	-8.20524204137e-16	1.68479919434	118.838055638	112111
659	67.0	-8.20524204137e-16	4.441198349	79.2031508239	112178
660	85.0	-8.20524204137e-16	1.63789153099	68.3292470091	112263
661	200.0	-8.20524204137e-16	0.890219867229	114.764720802	112463
662	200.0	-8.20524204137e-16	6.15684652328	130.707356224	112663
663	200.0	-8.20524204137e-16	0.340940743685	118.279374123	112863
664	200.0	-8.20524204137e-16	0.476037621498	117.268982582	113063
665	200.0	-8.20524204137e-16	0.115697383881	112.375916252	113263
666	200.0	-8.20524204137e-16	0.0687943771482	126.886876526	113463
667	200.0	-8.20524204137e-16	0.0508696809411	125.191652107	113663
668	200.0	-8.20524204137e-16	0.0379591882229	122.414815903	113863
669	200.0	-8.20524204137e-16	0.0343090519309	121.205500755	114063
670	200.0	-8.20524204137e-16	0.0154739050195	121.607713203	114263
671	200.0	-8.20524204137e-16	0.0226193647832	120.001568336	114463
672	200.0	-8.20524204137e-16	0.0320087075233	118.764540253	114663
673	200.0	-8.20524204137e-16	0.0132717499509	117.149589577	114863
674	200.0	-8.20524204137e-16	0.0194601137191	115.131668549	115063
675	200.0	-8.20524204137e-16	0.0254648607224	113.681909409	115263
676	200.0	-8.20524204137e-16	0.0121448924765	112.503113747	115463
677	200.0	-8.20524204137e-16	0.0111538413912	111.306371422	115663
678	200.0	-8.20524204137e-16	0.0181666072458	109.964616508	115863
679	200.0	-8.20524204137e-16	0.00825811829418	109.080945358	116063
680	200.0	-8.20524204137e-16	0.00888147205114	107.743923492	116263
681	200.0	-8.20524204137e-16	0.00460194563493	106.741804657	116463
682	200.0	-8.20524204137e-16	0.00847082771361	107.497866325	116663
683	200.0	-8.20524204137e-16	0.0197813771665	104.884434204	116863
684	200.0	-8.20524204137e-16	0.007972413674	106.946228981	117063
685	200.0	-8.20524204137e-16	0.00589922256768	106.342589378	117263
686	200.0	-8.20524204137e-16	0.0262739416212	81.8933528662	117463
687	200.0	-8.20524204137e-16	0.0143434312195	97.2087643051	117663
688	200.0	-8.20524204137e-16	0.0111096883193	105.609165955	117863
689	200.0	-8.20524204137e-16	0.0287955645472	105.773791428	118063
690	200.0	-8.20524204137e-16	0.049172192812	95.3722013092	118263
691	138.0	-8.20524204137e-16	36.2127037048	74.8373143569	118401
692	200.0	-8.20524204137e-16	0.105767101049	103.233714828	118601
693	200.0	-8.20524204137e-16	0.262460023165	104.22184864	118801
694	200.0	-8.20524204137e-16	0.0647225677967	105.128757668	119001
695	200.0	-8.20524204137e-16	0.158633857965	105.752693939	119201
696	200.0	-8.20524204137e-16	0.0180811136961	107.086522484	119401
697	200.0	-8.20524204137e-16	0.00874443538487	109.031422081	119601
698	200.0	-8.20524204137e-16	0.0109467078	107.832127876	119801
699	200.0	-8.20524204137e-16	0.0109375556931	108.064327278	120001
700	200.0	-8.20524204137e-16	0.0117036392912	106.992539215	120201
701	200.0	-8.20524204137e-16	0.00492475228384	106.813465767	120401
702	200.0	-8.20524204137e-16	0.0054212869145	106.851374664	120601
703	200.0	-8.20524204137e-16	0.00520730437711	105.974313965	120801
704	200.0	-8.20524204137e-16	0.0024824172724	104.829326286	121001
705	200.0	-8.20524204137e-16	0.00266460003331	103.893667603	121201
706	200.0	-8.20524204137e-16	0.00716392882168	103.656536636	121401
707	200.0	-8.20524204137e-16	0.0020769960247	103.193251572	121601
708	200.0	-8.20524204137e-16	0.0138512244448	103.813122292	121801
709	200.0	-8.20524204137e-16	0.00817516352981	103.562925987	122001
710	200.0	-8.20524204137e-16	0.00410990370438	103.249934082	122201
711	200.0	-8.20524204137e-16	0.00598690938205	103.32602787	122401
712	200.0	-8.20524204137e-16	0.00824447534978	103.29932148	122601
713	200.0	-8.20524204137e-16	0.00802774354815	103.210264626	122801
714	200.0	-8.20524204137e-16	0.00315392087214	102.66169735	123001
715	194.0	-8.20524204137e-16	1.04405450821	75.4305834328	123195
716	200.0	-8.20524204137e-16	0.284710586071	100.106542549	123395
717	180.0	-8.20524204137e-16	0.17879614234	75.8420373175	123575
718	200.0	-8.20524204137e-16	0.435785144567	101.949439316	123775
719	200.0	-8.20524204137e-16	0.0381992980838	104.735254631	123975
720	200.0	-8.20524204137e-16	1.25394499302	105.705180054	124175
721	200.0	-8.20524204137e-16	0.0515587851405	106.124890251	124375
722	200.0	-8.20524204137e-16	0.040830925107	105.935122795	124575
723	200.0	-8.20524204137e-16	0.0157408621162	105.566136971	124775
724	200.0	-8.20524204137e-16	0.00394743448123	106.334235344	124975
725	200.0	-8.20524204137e-16	0.00714776851237	105.773939476	125175
726	200.0	-8.20524204137e-16	0.00602423073724	104.723524933	125375
727	200.0	-8.20524204137e-16	0.00439266068861	104.476208687	125575
728	200.0	-8.20524204137e-16	0.0048918039538	104.336111412	125775
729	200.0	-8.20524204137e-16	0.00393386557698	104.117809105	125975
730	200.0	-8.20524204137e-16	0.00163242279086	103.473324585	126175
731	200.0	-8.20524204137e-16	0.00179103924893	103.417733231	126375
732	200.0	-8.20524204137e-16	0.00280987820588	103.027717323	126575
733	200.0	-8.20524204137e-16	0.017188558355	103.233226585	126775
734	200.0	-8.20524204137e-16	0.00176029803697	102.927232819	126975
735	200.0	-8.20524204137e-16	0.00208088452928	102.954392281	127175
736	200.0	-8.20524204137e-16	0.0102408314124	102.599089432	127375
737	200.0	-8.20524204137e-16	0.00156538246665	102.708918571	127575
738	200.0	-8.20524204137e-16	0.00574401952326	102.964070282	127775
739	200.0	-8.20524204137e-16	0.00309656863101	102.902686424	127975
740	200.0	-8.20524204137e-16	0.00152374838945	102.803353691	128175
741	200.0	-8.20524204137e-16	0.00401567900553	102.758207359	128375
742	200.0	-8.20524204137e-16	0.0172634031624	102.548984566	128575
743	200.0	-8.20524204137e-16	0.0123932603747	102.88857975	128775
744	200.0	-8.20524204137e-16	0.00206156470813	103.108683739	128975
745	200.0	-8.20524204137e-16	0.0202021654695	103.340161285	129175
746	200.0	-8.20524204137e-16	0.0175398122519	103.090217514	129375
747	200.0	-8.20524204137e-16	0.00539408484474	103.383178444	129575
748	200.0	-8.20524204137e-16	0.00347837293521	103.361305542	129775
749	200.0	-8.20524204137e-16	0.0038001332432	103.219364853	129975
750	200.0	-8.20524204137e-16	0.00277337990701	103.118255196	130175
751	200.0	-8.20524204137e-16	0.00471291365102	103.174111519	130375
752	200.0	-8.20524204137e-16	0.00449658511207	102.976902008	130575
753	200.0	-8.20524204137e-16	0.00768230482936	102.841022606	130775
754	200.0	-8.20524204137e-16	0.00520157581195	103.375367088	130975
755	200.0	-8.20524204137e-16	0.0154899219051	103.550506744	131175
756	200.0	-8.20524204137e-16	0.00938190706074	103.500994377	131375
757	200.0	-8.20524204137e-16	0.0616376064718	101.902308846	131575
758	200.0	-8.20524204137e-16	0.00508564896882	103.872469711	131775
759	200.0	-8.20524204137e-16	0.00556583702564	103.902731476	131975
760	200.0	-8.20524204137e-16	0.00967371743172	103.619297752	132175
761	200.0	-8.20524204137e-16	0.00805518962443	103.398843803	132375
762	200.0	-8.20524204137e-16	0.00485637225211	103.733048592	132575
763	200.0	-8.20524204137e-16	0.0434379726648	103.420264931	132775
764	200.0	-8.20524204137e-16	0.0198234636337	100.838244324	132975
765	200.0	-8.20524204137e-16	0.013963800855	105.463526421	133175
766	200.0	-8.20524204137e-16	0.00840305350721	105.912436447	133375
767	200.0	-8.20524204137e-16	0.0166252106428	106.682143784	133575
768	200.0	-8.20524204137e-16	0.0180952642113	107.858477554	133775
769	200.0	-8.20524204137e-16	0.0140047287568	106.888398705	133975
770	200.0	-8.20524204137e-16	0.0110381832346	107.13501049	134175
771	187.0	-8.20524204137e-16	0.404651492834	98.1210533999	134362
772	78.0	-8.20524204137e-16	8.68097686768	101.248178433	134440
773	72.0	-8.20524204137e-16	0.980087280273	100.944867134	134512
774	200.0	-8.20524204137e-16	1.28025019169	114.074255829	134712
775	200.0	-8.20524204137e-16	1.05347895622	122.135830574	134912
776	200.0	-8.20524204137e-16	192.169906616	127.323175583	135112
777	200.0	-8.20524204137e-16	7.52216672897	111.395761261	135312
778	200.0	-8.20524204137e-16	0.625494122505	113.475194855	135512
779	56.0	-8.20524204137e-16	0.347055703402	197.321348463	135568
780	20.0	-8.20524204137e-16	1.90280759335	156.151200867	135588
781	33.0	-8.20524204137e-16	5.74044322968	169.685317068	135621
782	45.0	-8.20524204137e-16	3.94886445999	171.751064046	135666
783	106.0	-8.20524204137e-16	122.335693359	173.310988084	135772
784	193.0	-8.20524204137e-16	16.1170578003	196.808361943	135965
785	164.0	-8.20524204137e-16	245.379440308	207.890292656	136129
786	156.0	-8.20524204137e-16	32.2922401428	196.019494913	136285
787	150.0	-8.20524204137e-16	25.7088012695	195.557680573	136435
788	138.0	-8.20524204137e-16	47.6476325989	189.209796277	136573
789	128.0	-8.20524204137e-16	5.87225914001	192.642521042	136701
790	126.0	-8.20524204137e-16	15.1828126907	187.823559899	136827
791	128.0	-8.20524204137e-16	3.91573524475	164.587043863	136955
792	155.0	-8.20524204137e-16	3.73617982864	93.2096877954	137110
793	130.0	-8.20524204137e-16	9.77510738373	143.461846297	137240
794	130.0	-8.20524204137e-16	2.17661476135	129.052033635	137370
795	118.0	-8.20524204137e-16	3.29937934875	109.697004315	137488
796	123.0	-8.20524204137e-16	4.6211848259	102.947656045	137611
797	127.0	-8.20524204137e-16	1.67012608051	97.0635532357	137738
798	120.0	-8.20524204137e-16	1.30625736713	82.0083909402	137858
799	134.0	-8.20524204137e-16	0.989544808865	81.7550598863	137992
800	135.0	-8.20524204137e-16	3.09676456451	73.965397025	138127
801	136.0	-8.20524204137e-16	1.39550936222	73.02502158	138263
802	200.0	-8.20524204137e-16	1.04315197468	129.156200409	138463
803	122.0	-8.20524204137e-16	0.802742481232	56.0965197988	138585
804	197.0	-8.20524204137e-16	0.91913241148	51.1582228393	138782
805	200.0	-8.20524204137e-16	4.99347782135	152.455076561	138982
806	200.0	-8.20524204137e-16	0.980808079243	139.177510109	139182
807	200.0	-8.20524204137e-16	0.351754695177	142.21370079	139382
808	200.0	-8.20524204137e-16	0.14390091598	143.532475052	139582
809	200.0	-8.20524204137e-16	0.0970805585384	140.87297287	139782
810	200.0	-8.20524204137e-16	0.0778965651989	133.782898712	139982
811	200.0	-8.20524204137e-16	0.0439771637321	132.114027672	140182
812	200.0	-8.20524204137e-16	0.0360757373273	132.066973686	140382
813	200.0	-8.20524204137e-16	0.0356821157038	128.984147606	140582
814	200.0	-8.20524204137e-16	0.0362959988415	125.782523422	140782
815	200.0	-8.20524204137e-16	0.0318624526262	122.866337891	140982
816	200.0	-8.20524204137e-16	0.0118505451828	121.943462029	141182
817	200.0	-8.20524204137e-16	0.029557518661	120.878976212	141382
818	200.0	-8.20524204137e-16	0.0168288946152	119.438613243	141582
819	200.0	-8.20524204137e-16	0.0232746507972	117.860975609	141782
820	200.0	-8.20524204137e-16	0.0467619784176	87.3336030579	141982
821	200.0	-8.20524204137e-16	0.0607426278293	114.40468483	142182
822	200.0	-8.20524204137e-16	0.0746097117662	101.539914665	142382
823	200.0	-8.20524204137e-16	0.0712035298347	95.4469665527	142582
824	200.0	-8.20524204137e-16	0.062082786113	113.669005356	142782
825	200.0	-8.20524204137e-16	0.0297636985779	112.085901031	142982
826	200.0	-8.20524204137e-16	0.0269725490361	111.530578346	143182
827	200.0	-8.20524204137e-16	0.0189214330167	110.527417412	143382
828	200.0	-8.20524204137e-16	0.025720467791	110.240002365	143582
829	200.0	-8.20524204137e-16	0.0141091700643	109.364764671	143782
830	200.0	-8.20524204137e-16	0.00982164405286	109.4090942	143982
831	200.0	-8.20524204137e-16	0.00842898711562	108.90815712	144182
832	200.0	-8.20524204137e-16	0.00588677776977	108.498978539	144382
833	200.0	-8.20524204137e-16	0.00796625483781	108.029474335	144582
834	200.0	-8.20524204137e-16	0.00468442495912	107.582954597	144782
835	200.0	-8.20524204137e-16	0.00641906028613	107.117255974	144982
836	200.0	-8.20524204137e-16	0.00946583133191	106.678981628	145182
837	200.0	-8.20524204137e-16	0.0095471739769	106.095009575	145382
838	200.0	-8.20524204137e-16	0.00575991533697	105.120946579	145582
839	200.0	-8.20524204137e-16	0.011409717612	104.821501846	145782
840	200.0	-8.20524204137e-16	0.00443366868421	104.454514465	145982
841	200.0	-8.20524204137e-16	0.00325035303831	104.5595327	146182
842	200.0	-8.20524204137e-16	0.0114414524287	104.639208145	146382
843	200.0	-8.20524204137e-16	0.00381613662466	104.346385422	146582
844	200.0	-8.20524204137e-16	0.0110523281619	103.946145439	146782
845	200.0	-8.20524204137e-16	0.00494096847251	103.895294075	146982
846	200.0	-8.20524204137e-16	0.00824762508273	103.891973267	147182
847	200.0	-8.20524204137e-16	0.00533479498699	103.697105484	147382
848	200.0	-8.20524204137e-16	0.0251888297498	104.278176308	147582
849	200.0	-8.20524204137e-16	0.0338819436729	104.425414543	147782
850	200.0	-8.20524204137e-16	0.00851480662823	104.728222427	147982
851	200.0	-8.20524204137e-16	0.0127593204379	104.88581749	148182
852	200.0	-8.20524204137e-16	0.00217226427048	104.561320076	148382
853	200.0	-8.20524204137e-16	0.00553151359782	104.35669735	148582
854	200.0	-8.20524204137e-16	0.0205529648811	103.515249939	148782
855	200.0	-8.20524204137e-16	0.0234799534082	101.892922401	148982
856	200.0	-8.20524204137e-16	0.0273357406259	103.721763535	149182
857	200.0	-8.20524204137e-16	0.184828907251	99.007738266	149382
858	200.0	-8.20524204137e-16	0.0132987471297	104.324678802	149582
859	200.0	-8.20524204137e-16	0.00715921772644	104.292559662	149782
860	200.0	-8.20524204137e-16	0.00902990065515	104.015304146	149982
861	200.0	-8.20524204137e-16	0.0201661325991	104.168801727	150182
862	200.0	-8.20524204137e-16	0.0129187917337	103.949106827	150382
863	200.0	-8.20524204137e-16	0.010164655745	100.70801445	150582
864	200.0	-8.20524204137e-16	0.00731226336211	103.800920372	150782
865	200.0	-8.20524204137e-16	0.00693751312792	103.908720131	150982
866	200.0	-8.20524204137e-16	0.00835625454783	103.965266037	151182
867	200.0	-8.20524204137e-16	0.00289682741277	103.396370201	151382
868	200.0	-8.20524204137e-16	0.122394859791	103.491884727	151582
869	200.0	-8.20524204137e-16	0.0033690801356	103.850457535	151782
870	200.0	-8.20524204137e-16	0.00248500844464	104.100782509	151982
871	200.0	-8.20524204137e-16	0.00760001549497	103.575971718	152182
872	200.0	-8.20524204137e-16	0.0252683870494	104.073472061	152382
873	200.0	-8.20524204137e-16	0.00437046820298	103.969555054	152582
874	200.0	-8.20524204137e-16	0.0099841048941	104.065360146	152782
875	200.0	-8.20524204137e-16	0.00502613373101	103.765181503	152982
876	200.0	-8.20524204137e-16	0.0040574814193	103.670618935	153182
877	200.0	-8.20524204137e-16	0.0158673785627	103.526868019	153382
878	200.0	-8.20524204137e-16	0.00277049303986	103.124938469	153582
879	200.0	-8.20524204137e-16	0.00230344128795	102.922705688	153782
880	200.0	-8.20524204137e-16	0.00404757633805	102.599057159	153982
881	200.0	-8.20524204137e-16	0.00350858876482	102.801749191	154182
882	200.0	-8.20524204137e-16	0.016960773617	102.751966476	154382
883	200.0	-8.20524204137e-16	0.178434789181	102.273533783	154582
884	200.0	-8.20524204137e-16	0.00422133505344	103.111031647	154782
885	200.0	-8.20524204137e-16	0.0038438916672	103.339091263	154982
886	200.0	-8.20524204137e-16	0.00285783410072	103.30366581	155182
887	200.0	-8.20524204137e-16	0.00547533435747	103.503884773	155382
888	200.0	-8.20524204137e-16	0.00911146961153	103.75772728	155582
889	200.0	-8.20524204137e-16	0.00592809077352	103.600744896	155782
890	200.0	-8.20524204137e-16	0.00640033464879	104.424848785	155982
891	200.0	-8.20524204137e-16	0.0125722894445	104.890919113	156182
892	200.0	-8.20524204137e-16	0.00676546944305	104.686386452	156382
893	200.0	-8.20524204137e-16	0.00577172683552	104.923010712	156582
894	200.0	-8.20524204137e-16	0.00353321898729	104.253625946	156782
895	200.0	-8.20524204137e-16	0.00447996845469	105.381559601	156982
896	200.0	-8.20524204137e-16	0.00814284011722	105.014247017	157182
897	200.0	-8.20524204137e-16	0.0306731015444	100.8689217	157382
898	200.0	-8.20524204137e-16	0.025246584788	104.452306328	157582
899	200.0	-8.20524204137e-16	0.00545124756172	105.716414833	157782
900	200.0	-8.20524204137e-16	0.0324341021478	105.998729515	157982
901	200.0	-8.20524204137e-16	0.139969408512	105.26005909	158182
902	200.0	-8.20524204137e-16	0.00952663645148	105.618365822	158382
903	200.0	-8.20524204137e-16	0.0287305545062	105.890282822	158582
904	200.0	-8.20524204137e-16	0.0102979661897	105.457053299	158782
905	200.0	-8.20524204137e-16	0.0127706937492	105.215766335	158982
906	200.0	-8.20524204137e-16	0.0139697650447	105.62092659	159182
907	200.0	-8.20524204137e-16	0.0555140636861	102.841635666	159382
908	200.0	-8.20524204137e-16	0.0134327802807	102.597845688	159582
909	200.0	-8.20524204137e-16	0.00786896795034	106.309370575	159782
910	200.0	-8.20524204137e-16	0.0059321266599	106.431355553	159982
911	200.0	-8.20524204137e-16	0.00911912322044	105.683121109	160182
912	200.0	-8.20524204137e-16	0.00532465055585	105.242161484	160382
913	200.0	-8.20524204137e-16	0.0291024018079	105.271494598	160582
914	200.0	-8.20524204137e-16	0.0036106586922	104.039184265	160782
915	200.0	-8.20524204137e-16	0.0318499095738	105.048844299	160982
916	200.0	-8.20524204137e-16	0.0144890155643	101.803188629	161182
917	200.0	-8.20524204137e-16	0.0109223537147	105.271923943	161382
918	200.0	-8.20524204137e-16	0.00594391534105	106.594216919	161582
919	200.0	-8.20524204137e-16	0.0110146179795	106.079506798	161782
920	200.0	-8.20524204137e-16	0.00438338657841	106.223896675	161982
921	200.0	-8.20524204137e-16	0.0288188513368	105.563144989	162182
922	200.0	-8.20524204137e-16	0.120579369366	103.749499397	162382
923	192.0	-8.20524204137e-16	0.525404512882	109.594238162	162574
924	26.0	-8.20524204137e-16	8.11949062347	100.387096405	162600
925	28.0	-8.20524204137e-16	8.42974376678	98.3138520377	162628
926	200.0	-8.20524204137e-16	1.41277372837	120.220611839	162828
927	200.0	-8.20524204137e-16	13.8056612015	145.484876633	163028
928	140.0	-8.20524204137e-16	3.1722202301	142.219384221	163168
929	159.0	-8.20524204137e-16	3.53818511963	146.387042112	163327
930	154.0	-8.20524204137e-16	3.6331641674	143.880890091	163481
931	194.0	-8.20524204137e-16	2.3832654953	147.802350673	163675
932	29.0	-8.20524204137e-16	1.63164949417	176.17830579	163704
933	24.0	-8.20524204137e-16	5.2122759819	167.314265569	163728
934	30.0	-8.20524204137e-16	4.45312547684	161.816084798	163758
935	181.0	-8.20524204137e-16	1.02378618717	139.972882097	163939
936	189.0	-8.20524204137e-16	1.83212816715	126.070226281	164128
937	176.0	-8.20524204137e-16	3.14094138145	114.947938225	164304
938	173.0	-8.20524204137e-16	2.80903148651	104.459545328	164477
939	173.0	-8.20524204137e-16	0.637599170208	98.7071209553	164650
940	169.0	-8.20524204137e-16	0.729757130146	95.7405170407	164819
941	200.0	-8.20524204137e-16	2.31328940392	101.15668335	165019
942	200.0	-8.20524204137e-16	1.08060288429	113.02343111	165219
943	200.0	-8.20524204137e-16	0.31313636899	135.159522858	165419
944	200.0	-8.20524204137e-16	0.153790071607	126.023173599	165619
945	200.0	-8.20524204137e-16	0.0688679888844	128.305947037	165819
946	200.0	-8.20524204137e-16	0.0435465611517	126.522389374	166019
947	200.0	-8.20524204137e-16	0.0367325656116	124.572072334	166219
948	200.0	-8.20524204137e-16	0.027393469587	124.188885193	166419
949	200.0	-8.20524204137e-16	0.0379364788532	122.50389801	166619
950	200.0	-8.20524204137e-16	0.0202765222639	119.967323494	166819
951	200.0	-8.20524204137e-16	0.0123148374259	117.685172005	167019
952	200.0	-8.20524204137e-16	0.00968341808766	116.161359444	167219
953	200.0	-8.20524204137e-16	0.00839855056256	115.073722191	167419
954	200.0	-8.20524204137e-16	0.00725563801825	114.319432945	167619
955	200.0	-8.20524204137e-16	0.0119149275124	112.95552681	167819
956	200.0	-8.20524204137e-16	0.00526679260656	111.69966526	168019
957	200.0	-8.20524204137e-16	0.00844447314739	110.791384315	168219
958	200.0	-8.20524204137e-16	0.0101281730458	109.18644268	168419
959	200.0	-8.20524204137e-16	0.014795485884	109.113449783	168619
960	200.0	-8.20524204137e-16	0.00723967654631	107.955225792	168819
961	200.0	-8.20524204137e-16	0.00909101683646	107.67386692	169019
962	200.0	-8.20524204137e-16	0.0137346033007	106.725202179	169219
963	200.0	-8.20524204137e-16	0.00338095240295	106.604618645	169419
964	200.0	-8.20524204137e-16	0.00694470712915	106.239593849	169619
965	200.0	-8.20524204137e-16	0.00158858241048	105.457287865	169819
966	200.0	-8.20524204137e-16	0.0039084199816	105.234116096	170019
967	200.0	-8.20524204137e-16	0.00524201616645	105.07424099	170219
968	200.0	-8.20524204137e-16	0.00720093864948	104.551034508	170419
969	200.0	-8.20524204137e-16	0.000616900098976	104.215646896	170619
970	200.0	-8.20524204137e-16	0.00430389307439	104.006164742	170819
971	200.0	-8.20524204137e-16	0.000504017923959	103.913639946	171019
972	200.0	-8.20524204137e-16	0.008290624246	103.580358391	171219
973	200.0	-8.20524204137e-16	0.00239846832119	103.771252441	171419
974	200.0	-8.20524204137e-16	0.00767120951787	103.437579346	171619
975	200.0	-8.20524204137e-16	0.0011338845361	103.383961563	171819
976	200.0	-8.20524204137e-16	0.00115469854791	103.350194931	172019
977	200.0	-8.20524204137e-16	0.0051401774399	103.297281685	172219
978	200.0	-8.20524204137e-16	0.00364846293814	102.904883804	172419
979	200.0	-8.20524204137e-16	0.00267760641873	102.22826088	172619
980	200.0	-8.20524204137e-16	0.00200234330259	102.024404373	172819
981	200.0	-8.20524204137e-16	0.00460081454366	102.155702515	173019
982	200.0	-8.20524204137e-16	0.0126306274906	103.263552475	173219
983	200.0	-8.20524204137e-16	0.00511007802561	103.321042404	173419
984	200.0	-8.20524204137e-16	0.0164323989302	103.257076416	173619
985	200.0	-8.20524204137e-16	0.0171399507672	102.864678688	173819
986	200.0	-8.20524204137e-16	0.00666738767177	103.559729347	174019
987	200.0	-8.20524204137e-16	0.00591266155243	103.108374634	174219
988	200.0	-8.20524204137e-16	0.00244934810326	102.682649956	174419
989	200.0	-8.20524204137e-16	0.0512741431594	102.889505653	174619
990	200.0	-8.20524204137e-16	0.0029471796006	102.818380928	174819
991	200.0	-8.20524204137e-16	0.0185775198042	103.493450127	175019
992	200.0	-8.20524204137e-16	0.00425982614979	102.864490585	175219
993	200.0	-8.20524204137e-16	0.00989340338856	103.229375877	175419
994	200.0	-8.20524204137e-16	0.00379780586809	102.815475464	175619
995	200.0	-8.20524204137e-16	0.0152361989021	102.847184372	175819
996	200.0	-8.20524204137e-16	0.00997411645949	103.287463074	176019
997	200.0	-8.20524204137e-16	0.0101680327207	102.96703598	176219
998	200.0	-8.20524204137e-16	0.00248539634049	103.230917091	176419
999	200.0	-8.20524204137e-16	0.00654250523075	103.063211098	176619
