0	20.0	1	0	0.0	20
1	14.0	1	0	0.0	34
2	13.0	1	0	0.0	47
3	27.0	1	0	0.0	74
4	20.0	1	0	0.0	94
5	18.0	1	0	0.0	112
6	17.0	1	0	0.0	129
7	14.0	1	0	0.0	143
8	18.0	1	0	0.0	161
9	27.0	1	0	0.0	188
10	44.0	1	0	0.0	232
11	52.0	1	0	0.0	284
12	20.0	1	0	0.0	304
13	23.0	1	0	0.0	327
14	13.0	1	0	0.0	340
15	18.0	1	0	0.0	358
16	17.0	1	0	0.0	375
17	16.0	1	0	0.0	391
18	26.0	1	0	0.0	417
19	16.0	1	0	0.0	433
20	14.0	1	0	0.0	447
21	11.0	1	0	0.0	458
22	30.0	1	0	0.0	488
23	23.0	1	0	0.0	511
24	28.0	1	0	0.0	539
25	19.0	1	0	0.0	558
26	10.0	1	0	0.0	568
27	16.0	1	0	0.0	584
28	9.0	1	0	0.0	593
29	18.0	1	0	0.0	611
30	25.0	1	0	0.0	636
31	11.0	1	0	0.0	647
32	15.0	1	0	0.0	662
33	14.0	1	0	0.0	676
34	64.0	1	0	0.0	740
35	16.0	1	0	0.0	756
36	39.0	1	0	0.0	795
37	30.0	1	0	0.0	825
38	34.0	1	0	0.0	859
39	17.0	1	0	0.0	876
40	14.0	1	0	0.0	890
41	26.0	1	0	0.0	916
42	16.0	1	0	0.0	932
43	19.0	1	0	0.0	951
44	15.0	1	0	0.0	966
45	50.0	0.995	0.210380733013	0.0	1016
46	18.0	0.985	0.280259698629	0.0	1034
47	15.0	0.98	0.157851412892	0.0	1049
48	22.0	0.965	1.06025481224	0.112100481987	1071
49	11.0	0.96	0.77275031805	0.0	1082
50	17.0	0.955	0.878767728806	0.0	1099
51	16.0	0.945	1.47229278088	0.238341614604	1115
52	11.0	0.94	0.825381875038	0.0	1126
53	17.0	0.93	0.668212592602	0.295882393332	1143
54	10.0	0.925	0.813882827759	0.638658714294	1153
55	14.0	0.92	0.871334552765	0.0	1167
56	20.0	0.91	1.60544312	1.25516712666	1187
57	15.0	0.9	0.700137257576	0.0	1202
58	31.0	0.885	1.41130006313	1.674819854	1233
59	17.0	0.88	0.948892235756	1.90350532532	1250
60	15.0	0.87	1.09425187111	2.34887599945	1265
61	72.0	0.835	1.14515709877	3.17884699504	1337
62	14.0	0.825	6.73745059967	2.41999190194	1351
63	19.0	0.82	0.908426821232	3.43230920089	1370
64	30.0	0.805	0.789183676243	3.69826265971	1400
65	24.0	0.79	1.48640489578	5.64309390386	1424
66	23.0	0.78	1.01874506474	8.34815344603	1447
67	19.0	0.77	0.975911080837	3.18214185614	1466
68	76.0	0.73	0.340333402157	6.11810277638	1542
69	17.0	0.725	4.8594956398	1.59826946259	1559
70	17.0	0.715	1.43956553936	4.97296479169	1576
71	47.0	0.69	1.59229373932	7.33314635906	1623
72	80.0	0.65	2.28664088249	13.664144206	1703
73	100.0	0.6	2.8720395565	16.9926309204	1803
74	178.0	0.51	35.0785598755	30.4676247286	1981
75	197.0	0.415	3.31019830704	32.0671928449	2178
76	200.0	0.315	5.86383724213	41.4592231655	2378
77	200.0	0.215	4.31120061874	61.8478836823	2578
78	200.0	0.115	2.87972021103	75.5531263924	2778
79	200.0	0.015	1.62973892689	101.434690094	2978
80	200.0	-8.20524204137e-16	1.15832519531	113.16267086	3178
81	200.0	-8.20524204137e-16	0.224238052964	118.54605732	3378
82	200.0	-8.20524204137e-16	0.110183276236	98.9993837357	3578
83	200.0	-8.20524204137e-16	0.114903539419	117.116731758	3778
84	200.0	-8.20524204137e-16	0.0484350062907	115.794251137	3978
85	200.0	-8.20524204137e-16	0.0390185117722	101.00275425	4178
86	200.0	-8.20524204137e-16	0.0252056233585	113.923139801	4378
87	200.0	-8.20524204137e-16	0.0181069951504	107.95281311	4578
88	200.0	-8.20524204137e-16	0.0411236286163	98.3963459015	4778
89	200.0	-8.20524204137e-16	0.0222035069019	100.47161335	4978
90	200.0	-8.20524204137e-16	0.0196353979409	96.7960430145	5178
91	200.0	-8.20524204137e-16	0.0174016617239	108.495433235	5378
92	200.0	-8.20524204137e-16	0.0215309485793	105.699692841	5578
93	200.0	-8.20524204137e-16	0.0504602044821	110.484370422	5778
94	200.0	-8.20524204137e-16	0.0482594296336	112.130433578	5978
95	200.0	-8.20524204137e-16	0.0758924409747	111.871415405	6178
96	200.0	-8.20524204137e-16	0.0971135720611	112.050599899	6378
97	200.0	-8.20524204137e-16	0.200998038054	113.318982315	6578
98	200.0	-8.20524204137e-16	0.0605279840529	114.814017754	6778
99	200.0	-8.20524204137e-16	0.183146297932	117.123176346	6978
100	200.0	-8.20524204137e-16	0.0812322050333	116.497083664	7178
101	200.0	-8.20524204137e-16	0.157660022378	110.835010529	7378
102	193.0	-8.20524204137e-16	4.48898553848	111.387792479	7571
103	200.0	-8.20524204137e-16	0.95191937685	101.281970367	7771
104	200.0	-8.20524204137e-16	1.02644205093	104.07136219	7971
105	200.0	-8.20524204137e-16	0.316211402416	103.509694481	8171
106	185.0	-8.20524204137e-16	21.8671073914	102.73431846	8356
107	196.0	-8.20524204137e-16	0.435899168253	93.1451433727	8552
108	164.0	-8.20524204137e-16	10.5430288315	95.3730501547	8716
109	158.0	-8.20524204137e-16	0.236556470394	94.069268794	8874
110	178.0	-8.20524204137e-16	0.528985977173	85.104043039	9052
111	185.0	-8.20524204137e-16	1.40027880669	82.326271552	9237
112	177.0	-8.20524204137e-16	0.244222894311	84.1032201476	9414
113	200.0	-8.20524204137e-16	0.866843163967	83.6307210445	9614
114	200.0	-8.20524204137e-16	0.145306572318	93.4076523209	9814
115	200.0	-8.20524204137e-16	0.0954031869769	86.3401704788	10014
116	200.0	-8.20524204137e-16	1.488478899	88.7584023476	10214
117	200.0	-8.20524204137e-16	0.11314329505	92.4744556427	10414
118	200.0	-8.20524204137e-16	0.0774720534682	90.3565914536	10614
119	200.0	-8.20524204137e-16	0.0428208820522	89.6968250656	10814
120	95.0	-8.20524204137e-16	0.0464384220541	107.905551951	10909
121	29.0	-8.20524204137e-16	61.9159164429	104.944473267	10938
122	200.0	-8.20524204137e-16	0.308682709932	99.0785623932	11138
123	200.0	-8.20524204137e-16	0.343220889568	98.0954096985	11338
124	200.0	-8.20524204137e-16	0.194891273975	103.91561367	11538
125	200.0	-8.20524204137e-16	0.13325804472	100.652832184	11738
126	200.0	-8.20524204137e-16	0.0884872376919	105.41636364	11938
127	200.0	-8.20524204137e-16	0.055999469012	101.95732666	12138
128	200.0	-8.20524204137e-16	0.0562758669257	101.768337631	12338
129	200.0	-8.20524204137e-16	0.0199055653065	101.324314079	12538
130	200.0	-8.20524204137e-16	0.0287166014314	101.814750366	12738
131	200.0	-8.20524204137e-16	0.0170419551432	102.954499245	12938
132	200.0	-8.20524204137e-16	0.0172303430736	100.336022835	13138
133	200.0	-8.20524204137e-16	0.0124421594664	101.311371841	13338
134	200.0	-8.20524204137e-16	0.0176445599645	102.584232063	13538
135	200.0	-8.20524204137e-16	0.00904857832938	100.12011055	13738
136	200.0	-8.20524204137e-16	0.0266704503447	100.222310181	13938
137	200.0	-8.20524204137e-16	0.0308260489255	92.4424602127	14138
138	200.0	-8.20524204137e-16	0.0151723446324	100.412238693	14338
139	200.0	-8.20524204137e-16	0.0166099686176	98.5213415146	14538
140	200.0	-8.20524204137e-16	0.012464677915	99.5347095871	14738
141	200.0	-8.20524204137e-16	0.0112851336598	100.341098785	14938
142	200.0	-8.20524204137e-16	0.00799677148461	98.0602475739	15138
143	200.0	-8.20524204137e-16	0.0169920288026	100.578569984	15338
144	200.0	-8.20524204137e-16	0.0146676627919	99.5535798264	15538
145	200.0	-8.20524204137e-16	0.0129271773621	97.7028605652	15738
146	200.0	-8.20524204137e-16	0.0129865286872	98.9657991791	15938
147	200.0	-8.20524204137e-16	0.029589286074	99.4334275055	16138
148	200.0	-8.20524204137e-16	0.00947292428464	98.0084560013	16338
149	200.0	-8.20524204137e-16	0.00881966017187	99.0699024582	16538
150	200.0	-8.20524204137e-16	0.0131552005187	98.8501706696	16738
151	200.0	-8.20524204137e-16	0.0157563202083	99.6492386627	16938
152	200.0	-8.20524204137e-16	0.00523921241984	99.8144197083	17138
153	200.0	-8.20524204137e-16	0.00711435545236	100.583053627	17338
154	200.0	-8.20524204137e-16	0.00771691929549	99.8393379974	17538
155	200.0	-8.20524204137e-16	0.0044357846491	100.834367523	17738
156	200.0	-8.20524204137e-16	0.00825087167323	101.021913567	17938
157	200.0	-8.20524204137e-16	0.0788244754076	99.7934943771	18138
158	200.0	-8.20524204137e-16	0.010107498616	99.9399723816	18338
159	200.0	-8.20524204137e-16	0.0153888324276	100.372501869	18538
160	200.0	-8.20524204137e-16	0.0646182894707	101.242997742	18738
161	200.0	-8.20524204137e-16	0.0290071740746	102.007192917	18938
162	200.0	-8.20524204137e-16	0.0811450555921	102.997696571	19138
163	200.0	-8.20524204137e-16	0.0252768713981	103.994751778	19338
164	200.0	-8.20524204137e-16	0.0563562959433	106.47338768	19538
165	200.0	-8.20524204137e-16	0.0130391549319	106.074873466	19738
166	200.0	-8.20524204137e-16	0.0144463749602	110.010656319	19938
167	200.0	-8.20524204137e-16	0.0583941116929	117.029207077	20138
168	200.0	-8.20524204137e-16	0.0398767702281	127.360629044	20338
169	152.0	-8.20524204137e-16	0.0939853861928	125.515587004	20490
170	12.0	-8.20524204137e-16	4.68913555145	123.269561132	20502
171	133.0	-8.20524204137e-16	18.854631424	137.767591204	20635
172	200.0	-8.20524204137e-16	4.7417140007	146.933428345	20835
173	200.0	-8.20524204137e-16	4.90780162811	128.259351997	21035
174	200.0	-8.20524204137e-16	7.98039007187	170.077954102	21235
175	200.0	-8.20524204137e-16	7.14818286896	193.52103981	21435
176	200.0	-8.20524204137e-16	5.55510091782	196.342325287	21635
177	200.0	-8.20524204137e-16	0.709295094013	197.325063324	21835
178	200.0	-8.20524204137e-16	0.507693350315	172.207750626	22035
179	200.0	-8.20524204137e-16	0.361103743315	178.701218185	22235
180	200.0	-8.20524204137e-16	0.53939384222	184.079562073	22435
181	200.0	-8.20524204137e-16	0.196752741933	172.730567245	22635
182	200.0	-8.20524204137e-16	0.23445096612	169.225414734	22835
183	200.0	-8.20524204137e-16	0.127350345254	162.379904099	23035
184	200.0	-8.20524204137e-16	0.279129207134	155.374767151	23235
185	200.0	-8.20524204137e-16	0.0944508165121	148.902638474	23435
186	200.0	-8.20524204137e-16	0.0716672167182	144.097272263	23635
187	200.0	-8.20524204137e-16	0.0863501057029	140.346804771	23835
188	200.0	-8.20524204137e-16	0.120332784951	136.034157257	24035
189	200.0	-8.20524204137e-16	0.148370787501	135.254972763	24235
190	200.0	-8.20524204137e-16	0.161819756031	131.51514595	24435
191	200.0	-8.20524204137e-16	0.141467556357	126.601030312	24635
192	200.0	-8.20524204137e-16	0.163232550025	123.282084732	24835
193	200.0	-8.20524204137e-16	0.134969249368	121.526951714	25035
194	200.0	-8.20524204137e-16	0.0948059558868	119.626009369	25235
195	200.0	-8.20524204137e-16	0.0989765077829	116.844901657	25435
196	200.0	-8.20524204137e-16	0.0435177087784	115.668166809	25635
197	200.0	-8.20524204137e-16	0.0657743215561	115.334663086	25835
198	200.0	-8.20524204137e-16	0.0686852186918	113.368452606	26035
199	200.0	-8.20524204137e-16	0.240145459771	112.01456459	26235
200	200.0	-8.20524204137e-16	0.274187386036	111.940086288	26435
201	200.0	-8.20524204137e-16	0.0496533215046	111.390302963	26635
202	200.0	-8.20524204137e-16	0.0309718307108	109.894127464	26835
203	200.0	-8.20524204137e-16	0.0194618292153	108.811969643	27035
204	200.0	-8.20524204137e-16	0.0273226220161	106.981594238	27235
205	200.0	-8.20524204137e-16	0.0183205511421	106.731931992	27435
206	200.0	-8.20524204137e-16	0.0163744725287	105.493782806	27635
207	200.0	-8.20524204137e-16	0.0262022987008	105.530449905	27835
208	200.0	-8.20524204137e-16	0.0244141705334	104.819090462	28035
209	200.0	-8.20524204137e-16	0.0304387267679	104.258353233	28235
210	200.0	-8.20524204137e-16	0.0986723229289	104.25721653	28435
211	200.0	-8.20524204137e-16	0.0611784756184	104.518267097	28635
212	200.0	-8.20524204137e-16	0.0405741371214	104.764003296	28835
213	200.0	-8.20524204137e-16	0.0325697511435	104.809487343	29035
214	200.0	-8.20524204137e-16	0.0111897876486	104.16031044	29235
215	200.0	-8.20524204137e-16	0.0214033219963	103.440295715	29435
216	200.0	-8.20524204137e-16	0.0227368026972	102.792710419	29635
217	200.0	-8.20524204137e-16	0.0117890359834	102.237921638	29835
218	200.0	-8.20524204137e-16	0.0138602880761	101.848034019	30035
219	200.0	-8.20524204137e-16	0.0125186871737	102.217458229	30235
220	200.0	-8.20524204137e-16	0.0126788709313	101.376061707	30435
221	200.0	-8.20524204137e-16	0.0124481320381	101.729952126	30635
222	200.0	-8.20524204137e-16	0.0168940518051	101.103118401	30835
223	200.0	-8.20524204137e-16	0.0064920806326	100.83950016	31035
224	200.0	-8.20524204137e-16	0.00620101811364	100.650949326	31235
225	200.0	-8.20524204137e-16	0.00732123386115	100.709664116	31435
226	200.0	-8.20524204137e-16	0.0189400389791	100.552625809	31635
227	200.0	-8.20524204137e-16	0.00502273067832	100.626075516	31835
228	200.0	-8.20524204137e-16	0.063968591392	100.413891258	32035
229	200.0	-8.20524204137e-16	0.00318704196252	100.110828438	32235
230	200.0	-8.20524204137e-16	0.0447122491896	100.518524551	32435
231	200.0	-8.20524204137e-16	0.00323242554441	100.798523636	32635
232	200.0	-8.20524204137e-16	0.00484952284023	100.593203201	32835
233	200.0	-8.20524204137e-16	0.0167380236089	100.718216133	33035
234	200.0	-8.20524204137e-16	0.00933858193457	101.356962013	33235
235	200.0	-8.20524204137e-16	0.0113520361483	101.807127953	33435
236	200.0	-8.20524204137e-16	0.0057314215228	101.904929199	33635
237	200.0	-8.20524204137e-16	0.00717002525926	101.998168068	33835
238	200.0	-8.20524204137e-16	0.00676102517173	101.62132618	34035
239	200.0	-8.20524204137e-16	0.0155349401757	101.79229805	34235
240	200.0	-8.20524204137e-16	0.00812677387148	101.987158241	34435
241	200.0	-8.20524204137e-16	0.0391411818564	102.426445007	34635
242	200.0	-8.20524204137e-16	0.0130770234391	102.416496925	34835
243	200.0	-8.20524204137e-16	0.00381913478486	102.59540741	35035
244	200.0	-8.20524204137e-16	0.00626572174951	102.83569603	35235
245	200.0	-8.20524204137e-16	0.00468225963414	102.695880203	35435
246	200.0	-8.20524204137e-16	0.0296525638551	103.105356827	35635
247	200.0	-8.20524204137e-16	0.00422640331089	103.518785362	35835
248	200.0	-8.20524204137e-16	0.00725140236318	103.70666523	36035
249	200.0	-8.20524204137e-16	0.00397915812209	103.580503235	36235
250	200.0	-8.20524204137e-16	0.010737660341	103.705545387	36435
251	200.0	-8.20524204137e-16	0.00318378815427	103.454209862	36635
252	200.0	-8.20524204137e-16	0.00462294695899	103.143919563	36835
253	200.0	-8.20524204137e-16	0.00361975282431	103.148423271	37035
254	200.0	-8.20524204137e-16	0.00697793299332	103.601470184	37235
255	200.0	-8.20524204137e-16	0.013332250528	103.520279922	37435
256	200.0	-8.20524204137e-16	0.012618014589	102.827921104	37635
257	200.0	-8.20524204137e-16	0.007625809405	102.92312561	37835
258	200.0	-8.20524204137e-16	0.0097604803741	103.185543251	38035
259	200.0	-8.20524204137e-16	0.0123315742239	102.991015511	38235
260	200.0	-8.20524204137e-16	0.024860529229	99.2884257126	38435
261	200.0	-8.20524204137e-16	0.00953087490052	102.609726295	38635
262	200.0	-8.20524204137e-16	0.00778818270192	101.898596306	38835
263	200.0	-8.20524204137e-16	0.0102624893188	101.773740845	39035
264	200.0	-8.20524204137e-16	0.00467928219587	101.893857956	39235
265	200.0	-8.20524204137e-16	0.0137094780803	101.618700676	39435
266	200.0	-8.20524204137e-16	0.00317141856067	102.08737381	39635
267	200.0	-8.20524204137e-16	0.00841375160962	101.738721123	39835
268	200.0	-8.20524204137e-16	0.00561282178387	101.316660576	40035
269	200.0	-8.20524204137e-16	0.00682425126433	101.347702293	40235
270	200.0	-8.20524204137e-16	0.00775587931275	100.399730377	40435
271	200.0	-8.20524204137e-16	0.00676373252645	100.924545174	40635
272	200.0	-8.20524204137e-16	0.0168432705104	93.6231153488	40835
273	200.0	-8.20524204137e-16	0.0156879704446	102.853658829	41035
274	200.0	-8.20524204137e-16	0.00771503010765	102.977220879	41235
275	200.0	-8.20524204137e-16	0.0257860794663	103.129801559	41435
276	200.0	-8.20524204137e-16	0.0153673840687	103.042890739	41635
277	200.0	-8.20524204137e-16	0.0159363523126	103.349583664	41835
278	200.0	-8.20524204137e-16	0.0287861768156	102.5488657	42035
279	200.0	-8.20524204137e-16	0.00241617881693	103.107601471	42235
280	200.0	-8.20524204137e-16	0.00224031554535	102.979895935	42435
281	200.0	-8.20524204137e-16	0.00571963144466	102.764924278	42635
282	200.0	-8.20524204137e-16	0.0424110032618	102.504760551	42835
283	200.0	-8.20524204137e-16	0.00696710357442	102.189532738	43035
284	200.0	-8.20524204137e-16	0.00552768725902	102.01890377	43235
285	200.0	-8.20524204137e-16	0.00286016939208	101.493277626	43435
286	200.0	-8.20524204137e-16	0.00569397863001	94.2779849625	43635
287	200.0	-8.20524204137e-16	0.00679975748062	101.800571671	43835
288	200.0	-8.20524204137e-16	0.00863415375352	101.548373604	44035
289	200.0	-8.20524204137e-16	0.0110450815409	102.259937401	44235
290	200.0	-8.20524204137e-16	0.0113825919107	102.064358749	44435
291	197.0	-8.20524204137e-16	1.3692574501	71.3327786776	44632
292	87.0	-8.20524204137e-16	37.8769569397	120.381593375	44719
293	12.0	-8.20524204137e-16	9.02206230164	108.047868093	44731
294	13.0	-8.20524204137e-16	4.04747629166	96.2829243587	44744
295	9.0	-8.20524204137e-16	2.15176343918	104.051526388	44753
296	8.0	-8.20524204137e-16	2.31280755997	100.615374565	44761
297	200.0	-8.20524204137e-16	16.27709198	92.2812887573	44961
298	200.0	-8.20524204137e-16	4.06579589844	132.497876015	45161
299	200.0	-8.20524204137e-16	6.01695823669	134.370676804	45361
300	200.0	-8.20524204137e-16	8.73518657684	143.533137817	45561
301	200.0	-8.20524204137e-16	3.72907018661	170.929284744	45761
302	200.0	-8.20524204137e-16	0.429411768913	154.833095551	45961
303	200.0	-8.20524204137e-16	0.329460293055	153.438483124	46161
304	200.0	-8.20524204137e-16	0.276705086231	151.754333344	46361
305	200.0	-8.20524204137e-16	0.197097167373	144.443887253	46561
306	200.0	-8.20524204137e-16	0.0864861086011	146.700092163	46761
307	200.0	-8.20524204137e-16	0.116439126432	149.327013702	46961
308	200.0	-8.20524204137e-16	0.0857277810574	143.373465729	47161
309	200.0	-8.20524204137e-16	0.0676735714078	143.19319397	47361
310	200.0	-8.20524204137e-16	0.208143234253	143.755294876	47561
311	200.0	-8.20524204137e-16	0.116406023502	141.103932114	47761
312	200.0	-8.20524204137e-16	0.11742503196	139.062965698	47961
313	200.0	-8.20524204137e-16	0.0724868029356	136.631546631	48161
314	200.0	-8.20524204137e-16	0.13245280087	135.896270981	48361
315	200.0	-8.20524204137e-16	0.0796082094312	134.211057396	48561
316	200.0	-8.20524204137e-16	0.0779495760798	131.660431976	48761
317	200.0	-8.20524204137e-16	0.150513261557	130.166601105	48961
318	200.0	-8.20524204137e-16	0.0761007815599	127.531580391	49161
319	200.0	-8.20524204137e-16	0.0733571797609	124.711566811	49361
320	200.0	-8.20524204137e-16	0.0837385952473	123.247310791	49561
321	200.0	-8.20524204137e-16	0.0683155804873	122.606131096	49761
322	200.0	-8.20524204137e-16	0.0870443508029	119.224032593	49961
323	200.0	-8.20524204137e-16	0.0577414520085	118.824497261	50161
324	187.0	-8.20524204137e-16	0.0686251446605	117.186848768	50348
325	200.0	-8.20524204137e-16	1.18087303638	120.566757736	50548
326	159.0	-8.20524204137e-16	1.94128298759	121.84335557	50707
327	134.0	-8.20524204137e-16	39.9948043823	125.377966831	50841
328	124.0	-8.20524204137e-16	1.57402896881	134.686649261	50965
329	115.0	-8.20524204137e-16	7.18291950226	115.60611707	51080
330	200.0	-8.20524204137e-16	4.39095830917	121.648194628	51280
331	133.0	-8.20524204137e-16	1.02106976509	113.002924553	51413
332	133.0	-8.20524204137e-16	0.810319602489	112.539682141	51546
333	149.0	-8.20524204137e-16	1.03664898872	108.54191062	51695
334	130.0	-8.20524204137e-16	1.36275410652	102.397635057	51825
335	139.0	-8.20524204137e-16	1.50219345093	98.1591555575	51964
336	169.0	-8.20524204137e-16	0.545547127724	104.47414888	52133
337	195.0	-8.20524204137e-16	0.31583032012	104.989672458	52328
338	164.0	-8.20524204137e-16	1.08033120632	89.6711589927	52492
339	147.0	-8.20524204137e-16	0.325767278671	85.9529950148	52639
340	137.0	-8.20524204137e-16	0.294713377953	81.6536282466	52776
341	144.0	-8.20524204137e-16	0.660078287125	80.4051002082	52920
342	200.0	-8.20524204137e-16	0.682207286358	148.318602066	53120
343	200.0	-8.20524204137e-16	0.462138533592	158.749286041	53320
344	200.0	-8.20524204137e-16	0.465551406145	160.403921585	53520
345	200.0	-8.20524204137e-16	0.434130787849	157.006105881	53720
346	200.0	-8.20524204137e-16	0.484947085381	155.438891678	53920
347	200.0	-8.20524204137e-16	0.199790269136	154.7729245	54120
348	200.0	-8.20524204137e-16	0.151940748096	150.433025131	54320
349	200.0	-8.20524204137e-16	0.200486123562	147.951142883	54520
350	200.0	-8.20524204137e-16	0.131676256657	144.711297531	54720
351	200.0	-8.20524204137e-16	0.093872115016	142.195324402	54920
352	200.0	-8.20524204137e-16	0.0822450220585	139.163621521	55120
353	200.0	-8.20524204137e-16	0.092957995832	137.483859253	55320
354	200.0	-8.20524204137e-16	0.112532742321	135.451210327	55520
355	200.0	-8.20524204137e-16	0.13143222034	132.352647018	55720
356	200.0	-8.20524204137e-16	0.0992450714111	132.341635513	55920
357	200.0	-8.20524204137e-16	0.0517323315144	129.673309097	56120
358	200.0	-8.20524204137e-16	0.146649450064	127.241427727	56320
359	200.0	-8.20524204137e-16	0.0576007589698	127.726088181	56520
360	200.0	-8.20524204137e-16	0.0447420217097	125.682420998	56720
361	200.0	-8.20524204137e-16	0.0295646190643	124.453185577	56920
362	200.0	-8.20524204137e-16	0.0234179440886	122.594292679	57120
363	200.0	-8.20524204137e-16	0.152138322592	123.060250092	57320
364	200.0	-8.20524204137e-16	0.0314286462963	121.913184586	57520
365	200.0	-8.20524204137e-16	0.0246755313128	119.947187119	57720
366	200.0	-8.20524204137e-16	0.0337429493666	120.394215622	57920
367	200.0	-8.20524204137e-16	0.0464364625514	119.191328926	58120
368	200.0	-8.20524204137e-16	0.0857623592019	117.298148003	58320
369	200.0	-8.20524204137e-16	0.0326865427196	115.260836105	58520
370	200.0	-8.20524204137e-16	0.0190336816013	114.574230957	58720
371	200.0	-8.20524204137e-16	0.0332251824439	112.40339138	58920
372	200.0	-8.20524204137e-16	0.0229444149882	110.751440201	59120
373	200.0	-8.20524204137e-16	0.0149852810428	109.181142426	59320
374	200.0	-8.20524204137e-16	0.0200259964913	108.180610504	59520
375	200.0	-8.20524204137e-16	0.0208554174751	107.050463562	59720
376	200.0	-8.20524204137e-16	0.0188031736761	106.51604805	59920
377	200.0	-8.20524204137e-16	0.0221354961395	106.023745689	60120
378	200.0	-8.20524204137e-16	0.0148031897843	105.829760666	60320
379	200.0	-8.20524204137e-16	0.0114904930815	106.002883987	60520
380	200.0	-8.20524204137e-16	0.00721076736227	105.509403648	60720
381	200.0	-8.20524204137e-16	0.00800842791796	105.133531113	60920
382	200.0	-8.20524204137e-16	0.0152173843235	104.234126854	61120
383	200.0	-8.20524204137e-16	0.0275745131075	104.736652679	61320
384	200.0	-8.20524204137e-16	0.0115403030068	104.595101509	61520
385	200.0	-8.20524204137e-16	0.0136979678646	104.205951538	61720
386	200.0	-8.20524204137e-16	0.0117301605642	104.416996574	61920
387	200.0	-8.20524204137e-16	0.00635263184085	104.396408882	62120
388	200.0	-8.20524204137e-16	0.0157003179193	103.271718826	62320
389	200.0	-8.20524204137e-16	0.0963689014316	102.850737267	62520
390	200.0	-8.20524204137e-16	0.00636164285243	105.331815605	62720
391	200.0	-8.20524204137e-16	0.00711383949965	103.702556267	62920
392	200.0	-8.20524204137e-16	0.0100079933181	103.505098991	63120
393	200.0	-8.20524204137e-16	0.0292415041476	104.916922531	63320
394	200.0	-8.20524204137e-16	0.0222871825099	104.650662956	63520
395	200.0	-8.20524204137e-16	0.0174565166235	105.01306633	63720
396	200.0	-8.20524204137e-16	0.2391718328	104.984947243	63920
397	200.0	-8.20524204137e-16	0.14316251874	106.457308006	64120
398	200.0	-8.20524204137e-16	0.0191187467426	107.293915672	64320
399	200.0	-8.20524204137e-16	0.0225761886686	107.155522461	64520
400	200.0	-8.20524204137e-16	0.00838100817055	107.093266068	64720
401	200.0	-8.20524204137e-16	0.008723908104	106.902802811	64920
402	200.0	-8.20524204137e-16	0.00693143298849	107.296597176	65120
403	200.0	-8.20524204137e-16	0.0670153424144	106.598361626	65320
404	200.0	-8.20524204137e-16	0.0221229363233	106.410989342	65520
405	200.0	-8.20524204137e-16	0.00666902167723	106.371798668	65720
406	200.0	-8.20524204137e-16	0.0216984134167	106.369695663	65920
407	200.0	-8.20524204137e-16	0.00399834150448	106.168408089	66120
408	200.0	-8.20524204137e-16	0.0153584741056	106.43767746	66320
409	200.0	-8.20524204137e-16	0.00713416887447	107.640476685	66520
410	200.0	-8.20524204137e-16	0.175533235073	107.238790779	66720
411	200.0	-8.20524204137e-16	0.0296272784472	106.566100311	66920
412	200.0	-8.20524204137e-16	0.0111601995304	106.44958847	67120
413	200.0	-8.20524204137e-16	0.0144426869228	105.952439499	67320
414	170.0	-8.20524204137e-16	0.0222735721618	106.74523302	67490
415	33.0	-8.20524204137e-16	1.94845426083	107.18956063	67523
416	46.0	-8.20524204137e-16	1.36589396	98.3427502176	67569
417	200.0	-8.20524204137e-16	1.36355161667	118.136273537	67769
418	200.0	-8.20524204137e-16	0.651654601097	120.261381149	67969
419	200.0	-8.20524204137e-16	1.40575587749	140.186685486	68169
420	93.0	-8.20524204137e-16	5.36243104935	101.843099476	68262
421	77.0	-8.20524204137e-16	1.01751053333	62.0039549307	68339
422	146.0	-8.20524204137e-16	1.46477007866	91.5689349585	68485
423	179.0	-8.20524204137e-16	2.26747274399	186.490830619	68664
424	13.0	-8.20524204137e-16	22.8971309662	125.559877836	68677
425	164.0	-8.20524204137e-16	432.774505615	194.509206586	68841
426	130.0	-8.20524204137e-16	53.2323722839	78.3578339059	68971
427	147.0	-8.20524204137e-16	32.8277702332	251.179314231	69118
428	140.0	-8.20524204137e-16	264.792114258	254.835394396	69258
429	146.0	-8.20524204137e-16	11.7721557617	250.956734853	69404
430	135.0	-8.20524204137e-16	69.5202026367	242.34884539	69539
431	115.0	-8.20524204137e-16	16.0040054321	274.426329107	69654
432	129.0	-8.20524204137e-16	9.84939289093	267.785744541	69783
433	124.0	-8.20524204137e-16	9.32705879211	265.141626358	69907
434	159.0	-8.20524204137e-16	4.60463571548	245.67855132	70066
435	154.0	-8.20524204137e-16	4.99765729904	225.005233409	70220
436	200.0	-8.20524204137e-16	54.9291000366	249.235674896	70420
437	162.0	-8.20524204137e-16	28.2019844055	181.943265298	70582
438	166.0	-8.20524204137e-16	21.0239505768	198.057774978	70748
439	94.0	-8.20524204137e-16	20.2549133301	181.860946927	70842
440	100.0	-8.20524204137e-16	12.4639139175	182.210732117	70942
441	112.0	-8.20524204137e-16	11.2658567429	171.172154598	71054
442	109.0	-8.20524204137e-16	7.86010026932	181.702323896	71163
443	123.0	-8.20524204137e-16	6.20349597931	180.079808439	71286
444	118.0	-8.20524204137e-16	19.5804386139	181.922548664	71404
445	9.0	-8.20524204137e-16	38.2883529663	418.317182753	71413
446	20.0	-8.20524204137e-16	1588.3659668	296.68008194	71433
447	65.0	-8.20524204137e-16	47.4860839844	186.006769987	71498
448	92.0	-8.20524204137e-16	17.7908802032	170.299482278	71590
449	100.0	-8.20524204137e-16	21.9491252899	165.681316924	71690
450	123.0	-8.20524204137e-16	10.0774736404	164.752450424	71813
451	131.0	-8.20524204137e-16	6.43969011307	156.717890851	71944
452	114.0	-8.20524204137e-16	3.8801984787	137.641242379	72058
453	117.0	-8.20524204137e-16	3.08288478851	136.611595178	72175
454	109.0	-8.20524204137e-16	16.5200634003	130.035144014	72284
455	128.0	-8.20524204137e-16	5.99578714371	130.360246211	72412
456	116.0	-8.20524204137e-16	1.82566249371	104.663057686	72528
457	123.0	-8.20524204137e-16	1.89490878582	98.0384875526	72651
458	156.0	-8.20524204137e-16	1.567882061	110.162074343	72807
459	129.0	-8.20524204137e-16	1.73888516426	91.9372398918	72936
460	131.0	-8.20524204137e-16	0.848136305809	85.3440442003	73067
461	72.0	-8.20524204137e-16	3.3127989769	268.120266596	73139
462	135.0	-8.20524204137e-16	40.6709403992	68.014773943	73274
463	163.0	-8.20524204137e-16	1232.02026367	79.8204964897	73437
464	200.0	-8.20524204137e-16	27.3718948364	577.448621216	73637
465	196.0	-8.20524204137e-16	983.566772461	119.414343637	73833
466	200.0	-8.20524204137e-16	73.8148269653	672.842684937	74033
467	152.0	-8.20524204137e-16	4.91416549683	73.1277592776	74185
468	200.0	-8.20524204137e-16	4.30928325653	619.080257339	74385
469	171.0	-8.20524204137e-16	12.3973875046	983.134290461	74556
470	153.0	-8.20524204137e-16	260.751342773	580.337195303	74709
471	104.0	-8.20524204137e-16	191.219711304	1042.26684629	74813
472	105.0	-8.20524204137e-16	391.23550415	1175.32735073	74918
473	22.0	-8.20524204137e-16	9313.00976562	303.925480929	74940
474	19.0	-8.20524204137e-16	8780.81640625	309.689437063	74959
475	14.0	-8.20524204137e-16	364.549377441	343.685152326	74973
476	11.0	-8.20524204137e-16	1092.9041748	242.970256459	74984
477	17.0	-8.20524204137e-16	256.42880249	323.123333202	75001
478	16.0	-8.20524204137e-16	893.005004883	200.553211212	75017
479	200.0	-8.20524204137e-16	356.576873779	113.544507742	75217
480	187.0	-8.20524204137e-16	152.878463745	854.128974879	75404
481	140.0	-8.20524204137e-16	118.610946655	802.451788282	75544
482	135.0	-8.20524204137e-16	173.939956665	729.753430776	75679
483	140.0	-8.20524204137e-16	157.2759552	714.652108697	75819
484	147.0	-8.20524204137e-16	192.615097046	695.902402281	75966
485	153.0	-8.20524204137e-16	136.516937256	711.624838835	76119
486	179.0	-8.20524204137e-16	65.2196578979	716.991561037	76298
487	158.0	-8.20524204137e-16	49.4276809692	637.812889751	76456
488	169.0	-8.20524204137e-16	44.8649902344	586.361030102	76625
489	155.0	-8.20524204137e-16	37.7835502625	511.79915247	76780
490	166.0	-8.20524204137e-16	25.0920066833	464.055769247	76946
491	172.0	-8.20524204137e-16	47.3485488892	402.705406145	77118
492	175.0	-8.20524204137e-16	23.7369289398	345.692260071	77293
493	182.0	-8.20524204137e-16	11.2569265366	312.470304286	77475
494	189.0	-8.20524204137e-16	63.7166023254	290.371435134	77664
495	193.0	-8.20524204137e-16	12.3111763	250.006189698	77857
496	195.0	-8.20524204137e-16	9.17799472809	213.250190126	78052
497	198.0	-8.20524204137e-16	8.7481098175	199.869460482	78250
498	200.0	-8.20524204137e-16	31.459072113	210.992427368	78450
499	200.0	-8.20524204137e-16	8.01585197449	208.006037674	78650
500	200.0	-8.20524204137e-16	7.84995079041	196.195214806	78850
501	200.0	-8.20524204137e-16	3.65039849281	185.730506554	79050
502	200.0	-8.20524204137e-16	2.06978559494	174.522834892	79250
503	200.0	-8.20524204137e-16	1.34812223911	171.725753517	79450
504	200.0	-8.20524204137e-16	1.45414423943	159.118012314	79650
505	200.0	-8.20524204137e-16	1.39106965065	153.493904305	79850
506	200.0	-8.20524204137e-16	1.67909669876	154.969228706	80050
507	200.0	-8.20524204137e-16	1.64633357525	148.636230087	80250
508	200.0	-8.20524204137e-16	1.48864209652	142.93328373	80450
509	200.0	-8.20524204137e-16	0.99599301815	134.505862541	80650
510	200.0	-8.20524204137e-16	1.06802845001	139.437131348	80850
511	200.0	-8.20524204137e-16	0.712057650089	133.114058037	81050
512	200.0	-8.20524204137e-16	0.768841505051	136.500463219	81250
513	200.0	-8.20524204137e-16	0.804557800293	133.452886887	81450
514	200.0	-8.20524204137e-16	0.767686903477	131.559149323	81650
515	200.0	-8.20524204137e-16	0.703896045685	131.778605995	81850
516	200.0	-8.20524204137e-16	0.449669837952	122.899984055	82050
517	200.0	-8.20524204137e-16	0.550981163979	119.953314743	82250
518	200.0	-8.20524204137e-16	0.42764133215	121.414917297	82450
519	200.0	-8.20524204137e-16	0.434315025806	120.155333977	82650
520	200.0	-8.20524204137e-16	0.368917286396	116.829955978	82850
521	200.0	-8.20524204137e-16	0.415920972824	115.95711174	83050
522	200.0	-8.20524204137e-16	0.354274481535	109.611513252	83250
523	200.0	-8.20524204137e-16	0.305866062641	106.913974419	83450
524	200.0	-8.20524204137e-16	0.369517296553	108.413361855	83650
525	200.0	-8.20524204137e-16	0.323714643717	104.426282883	83850
526	200.0	-8.20524204137e-16	0.337088555098	104.017442093	84050
527	200.0	-8.20524204137e-16	0.205250754952	102.787198372	84250
528	200.0	-8.20524204137e-16	0.17132204771	104.65555584	84450
529	200.0	-8.20524204137e-16	0.248508155346	100.59191658	84650
530	200.0	-8.20524204137e-16	0.184061706066	99.68807827	84850
531	200.0	-8.20524204137e-16	0.140072122216	100.296542816	85050
532	200.0	-8.20524204137e-16	0.13924023509	99.5468571472	85250
533	200.0	-8.20524204137e-16	0.16268414259	98.0528006744	85450
534	200.0	-8.20524204137e-16	0.136389672756	97.5482529831	85650
535	200.0	-8.20524204137e-16	0.180600181222	96.4500329971	85850
536	200.0	-8.20524204137e-16	0.302746981382	97.735333786	86050
537	200.0	-8.20524204137e-16	0.227356702089	100.185116692	86250
538	200.0	-8.20524204137e-16	0.216792672873	99.6404734421	86450
539	200.0	-8.20524204137e-16	0.189680859447	99.4597364426	86650
540	200.0	-8.20524204137e-16	0.0850853696465	99.8745488358	86850
541	200.0	-8.20524204137e-16	0.180820733309	102.145296516	87050
542	200.0	-8.20524204137e-16	0.0990952849388	102.37997364	87250
543	200.0	-8.20524204137e-16	0.207594513893	102.228189125	87450
544	200.0	-8.20524204137e-16	0.0770816355944	102.438631973	87650
545	200.0	-8.20524204137e-16	0.0686186254025	102.238537903	87850
546	200.0	-8.20524204137e-16	0.290555596352	103.166777267	88050
547	200.0	-8.20524204137e-16	0.125930771232	102.25678215	88250
548	200.0	-8.20524204137e-16	0.0658954009414	102.239433975	88450
549	200.0	-8.20524204137e-16	0.224629864097	101.385956535	88650
550	200.0	-8.20524204137e-16	0.230489641428	101.057734795	88850
551	200.0	-8.20524204137e-16	0.113138087094	100.561904411	89050
552	200.0	-8.20524204137e-16	0.138640925288	101.436931801	89250
553	200.0	-8.20524204137e-16	0.0767329260707	100.647343903	89450
554	200.0	-8.20524204137e-16	0.604324281216	99.5764299393	89650
555	200.0	-8.20524204137e-16	0.211061775684	98.1519625473	89850
556	200.0	-8.20524204137e-16	0.0693593248725	97.6139180374	90050
557	200.0	-8.20524204137e-16	0.0849709585309	99.1488792038	90250
558	200.0	-8.20524204137e-16	0.231370985508	100.333787613	90450
559	200.0	-8.20524204137e-16	0.075661033392	102.275872574	90650
560	200.0	-8.20524204137e-16	0.124885424972	103.451431694	90850
561	200.0	-8.20524204137e-16	0.0354235656559	104.345696335	91050
562	200.0	-8.20524204137e-16	0.121642112732	103.967900925	91250
563	200.0	-8.20524204137e-16	0.129791855812	101.422748032	91450
564	200.0	-8.20524204137e-16	0.0513071641326	100.582109375	91650
565	200.0	-8.20524204137e-16	0.0888414755464	101.119198112	91850
566	200.0	-8.20524204137e-16	0.266225904226	102.425018616	92050
567	200.0	-8.20524204137e-16	0.0321381613612	101.638102875	92250
568	200.0	-8.20524204137e-16	0.040864109993	102.116182709	92450
569	200.0	-8.20524204137e-16	0.0555508174002	101.418140564	92650
570	200.0	-8.20524204137e-16	0.0231862999499	101.902584343	92850
571	200.0	-8.20524204137e-16	0.0282031875104	102.510997353	93050
572	200.0	-8.20524204137e-16	0.057037808001	103.224651871	93250
573	200.0	-8.20524204137e-16	0.17349435389	103.068999176	93450
574	200.0	-8.20524204137e-16	0.0170444734395	102.513530083	93650
575	200.0	-8.20524204137e-16	0.0194018092006	102.509947472	93850
576	200.0	-8.20524204137e-16	0.0189857501537	102.366723022	94050
577	200.0	-8.20524204137e-16	0.0185595992953	101.128946304	94250
578	200.0	-8.20524204137e-16	0.0270542278886	101.161525269	94450
579	200.0	-8.20524204137e-16	0.0354876369238	100.817111588	94650
580	200.0	-8.20524204137e-16	0.0852735415101	102.086120987	94850
581	200.0	-8.20524204137e-16	0.0739081203938	102.605705032	95050
582	200.0	-8.20524204137e-16	0.0702069699764	102.629793434	95250
583	200.0	-8.20524204137e-16	0.521844804287	102.664528503	95450
584	200.0	-8.20524204137e-16	0.0435770601034	104.104304886	95650
585	200.0	-8.20524204137e-16	0.0405942350626	103.816663246	95850
586	200.0	-8.20524204137e-16	0.0403785556555	104.208487778	96050
587	200.0	-8.20524204137e-16	0.0367223471403	103.752217445	96250
588	200.0	-8.20524204137e-16	0.0191592499614	103.468505058	96450
589	200.0	-8.20524204137e-16	0.0723177269101	102.448422241	96650
590	200.0	-8.20524204137e-16	0.0580963119864	102.574494324	96850
591	200.0	-8.20524204137e-16	0.0465731620789	101.789163055	97050
592	200.0	-8.20524204137e-16	0.115503646433	101.474478149	97250
593	200.0	-8.20524204137e-16	0.130290284753	102.173156319	97450
594	200.0	-8.20524204137e-16	0.0643648281693	101.558168564	97650
595	200.0	-8.20524204137e-16	0.198007032275	103.167583084	97850
596	200.0	-8.20524204137e-16	0.029474761337	105.305044289	98050
597	200.0	-8.20524204137e-16	0.0977425947785	104.386046181	98250
598	200.0	-8.20524204137e-16	0.012074874714	105.312546425	98450
599	200.0	-8.20524204137e-16	0.0281051304191	103.965924683	98650
600	200.0	-8.20524204137e-16	0.0257505103946	105.577062721	98850
601	200.0	-8.20524204137e-16	0.058905068785	105.717096291	99050
602	200.0	-8.20524204137e-16	0.0220821332186	105.215797234	99250
603	200.0	-8.20524204137e-16	0.121360130608	106.089354515	99450
604	200.0	-8.20524204137e-16	0.0239163916558	104.548767357	99650
605	200.0	-8.20524204137e-16	0.0129227042198	104.665841904	99850
606	200.0	-8.20524204137e-16	0.0140271922573	104.274340286	100050
607	200.0	-8.20524204137e-16	0.0158563870937	104.324700813	100250
608	200.0	-8.20524204137e-16	0.0509944632649	104.169053307	100450
609	200.0	-8.20524204137e-16	0.0518462359905	103.764994774	100650
610	200.0	-8.20524204137e-16	0.104684315622	103.176232491	100850
611	200.0	-8.20524204137e-16	0.00454846816137	103.005120735	101050
612	200.0	-8.20524204137e-16	0.0173967704177	102.292077103	101250
613	200.0	-8.20524204137e-16	0.0449602790177	101.887373276	101450
614	200.0	-8.20524204137e-16	0.0190311428159	102.448868141	101650
615	200.0	-8.20524204137e-16	0.112675875425	101.988617668	101850
616	200.0	-8.20524204137e-16	0.0158889330924	102.580283127	102050
617	200.0	-8.20524204137e-16	0.0826768949628	103.283584862	102250
618	200.0	-8.20524204137e-16	0.0122313452885	105.029662476	102450
619	200.0	-8.20524204137e-16	0.0245645642281	106.335532532	102650
620	200.0	-8.20524204137e-16	0.0127186421305	106.832868004	102850
621	200.0	-8.20524204137e-16	0.184249833226	106.532454033	103050
622	200.0	-8.20524204137e-16	0.0153438039124	107.07686409	103250
623	200.0	-8.20524204137e-16	0.0493568517268	105.452044106	103450
624	200.0	-8.20524204137e-16	0.067177079618	104.071534004	103650
625	200.0	-8.20524204137e-16	0.0445244200528	103.585518303	103850
626	200.0	-8.20524204137e-16	0.011541409418	105.309994354	104050
627	200.0	-8.20524204137e-16	0.111364096403	104.51907238	104250
628	200.0	-8.20524204137e-16	0.0122777391225	103.631539383	104450
629	200.0	-8.20524204137e-16	0.0530782714486	104.06185318	104650
630	200.0	-8.20524204137e-16	0.0458799749613	105.017291832	104850
631	200.0	-8.20524204137e-16	0.0311963651329	105.387792664	105050
632	200.0	-8.20524204137e-16	0.0768547579646	106.259861183	105250
633	200.0	-8.20524204137e-16	0.0933316722512	106.436095924	105450
634	200.0	-8.20524204137e-16	0.00948557816446	104.814535522	105650
635	200.0	-8.20524204137e-16	0.00675736647099	104.055437965	105850
636	200.0	-8.20524204137e-16	0.0811251923442	103.917694511	106050
637	200.0	-8.20524204137e-16	0.049985088408	104.412265892	106250
638	200.0	-8.20524204137e-16	0.00946353003383	104.726308479	106450
639	200.0	-8.20524204137e-16	0.0382819138467	104.44516304	106650
640	200.0	-8.20524204137e-16	0.043313074857	104.312496185	106850
641	200.0	-8.20524204137e-16	0.00674045784399	103.355876999	107050
642	200.0	-8.20524204137e-16	0.00364412483759	102.98486515	107250
643	200.0	-8.20524204137e-16	0.0465815290809	102.762110443	107450
644	200.0	-8.20524204137e-16	0.0116837956011	102.421554718	107650
645	200.0	-8.20524204137e-16	0.0183326359838	103.306675949	107850
646	200.0	-8.20524204137e-16	0.0168788079172	105.140264893	108050
647	200.0	-8.20524204137e-16	0.0222900062799	104.73302784	108250
648	200.0	-8.20524204137e-16	0.0544907748699	104.264918747	108450
649	200.0	-8.20524204137e-16	0.0357381477952	103.488352356	108650
650	200.0	-8.20524204137e-16	0.00869491416961	103.726550026	108850
651	200.0	-8.20524204137e-16	0.0357399135828	103.717504539	109050
652	200.0	-8.20524204137e-16	0.0215025134385	103.312117195	109250
653	200.0	-8.20524204137e-16	0.00823118165135	103.855089073	109450
654	200.0	-8.20524204137e-16	0.0106517728418	103.646405334	109650
655	200.0	-8.20524204137e-16	0.0205029193312	102.883092842	109850
656	200.0	-8.20524204137e-16	0.0207465384156	102.555769615	110050
657	200.0	-8.20524204137e-16	0.59991812706	100.959132271	110250
658	200.0	-8.20524204137e-16	0.375015646219	112.563625145	110450
659	195.0	-8.20524204137e-16	1.37843775749	104.326373956	110645
660	200.0	-8.20524204137e-16	6.95658731461	124.441591568	110845
661	200.0	-8.20524204137e-16	1.41832852364	122.998782082	111045
662	200.0	-8.20524204137e-16	4.67495441437	131.532301826	111245
663	200.0	-8.20524204137e-16	3.0762219429	134.732855453	111445
664	178.0	-8.20524204137e-16	5.19025945663	164.386542267	111623
665	200.0	-8.20524204137e-16	1.26260685921	144.329305038	111823
666	74.0	-8.20524204137e-16	1.39127838612	177.671623642	111897
667	43.0	-8.20524204137e-16	2.99467277527	187.081981925	111940
668	108.0	-8.20524204137e-16	2.19231820107	169.140029201	112048
669	200.0	-8.20524204137e-16	38.253364563	188.764272079	112248
670	200.0	-8.20524204137e-16	4.67156553268	227.983613434	112448
671	200.0	-8.20524204137e-16	5.28117227554	215.483182068	112648
672	200.0	-8.20524204137e-16	2.60520291328	209.440727615	112848
673	200.0	-8.20524204137e-16	4.87111997604	200.750758438	113048
674	200.0	-8.20524204137e-16	0.631550490856	214.563607025	113248
675	200.0	-8.20524204137e-16	0.66401052475	206.190423889	113448
676	200.0	-8.20524204137e-16	0.292565852404	198.547626266	113648
677	200.0	-8.20524204137e-16	0.184205263853	192.089262619	113848
678	200.0	-8.20524204137e-16	0.19809448719	185.045402832	114048
679	200.0	-8.20524204137e-16	0.353535920382	178.665250473	114248
680	200.0	-8.20524204137e-16	0.151156514883	172.95567627	114448
681	200.0	-8.20524204137e-16	0.212354615331	168.33644722	114648
682	200.0	-8.20524204137e-16	0.237355083227	164.953607559	114848
683	200.0	-8.20524204137e-16	0.219369679689	160.688854752	115048
684	200.0	-8.20524204137e-16	0.115961112082	157.425016327	115248
685	200.0	-8.20524204137e-16	0.133484646678	153.731334	115448
686	200.0	-8.20524204137e-16	0.0740803256631	148.871902466	115648
687	200.0	-8.20524204137e-16	0.0609406009316	142.201891785	115848
688	200.0	-8.20524204137e-16	0.140200600028	138.144764786	116048
689	200.0	-8.20524204137e-16	0.101733490825	134.282681427	116248
690	200.0	-8.20524204137e-16	0.0502938069403	132.414022064	116448
691	200.0	-8.20524204137e-16	0.0961376875639	130.38858799	116648
692	200.0	-8.20524204137e-16	0.0729648768902	126.155490723	116848
693	200.0	-8.20524204137e-16	0.0668653547764	122.389299088	117048
694	200.0	-8.20524204137e-16	0.0476464480162	119.963881302	117248
695	200.0	-8.20524204137e-16	0.0418218709528	118.195883446	117448
696	200.0	-8.20524204137e-16	0.0734539702535	116.966915741	117648
697	200.0	-8.20524204137e-16	0.0991407483816	113.979468727	117848
698	200.0	-8.20524204137e-16	0.218209475279	114.569228172	118048
699	200.0	-8.20524204137e-16	0.413591116667	113.912815857	118248
700	200.0	-8.20524204137e-16	0.150839462876	113.679899178	118448
701	164.0	-8.20524204137e-16	0.649052977562	113.125275728	118612
702	9.0	-8.20524204137e-16	1.55836772919	92.786951277	118621
703	200.0	-8.20524204137e-16	0.969112694263	118.710486603	118821
704	200.0	-8.20524204137e-16	1.93150234222	122.437395744	119021
705	200.0	-8.20524204137e-16	4.51518535614	124.25230545	119221
706	200.0	-8.20524204137e-16	1.40583145618	124.514612999	119421
707	200.0	-8.20524204137e-16	0.445788025856	127.805936775	119621
708	200.0	-8.20524204137e-16	0.174154624343	125.766237526	119821
709	200.0	-8.20524204137e-16	0.128582119942	124.536030922	120021
710	200.0	-8.20524204137e-16	0.242496952415	123.585234146	120221
711	200.0	-8.20524204137e-16	0.252144694328	121.357777405	120421
712	200.0	-8.20524204137e-16	0.272418797016	119.225958748	120621
713	74.0	-8.20524204137e-16	0.27861776948	118.141027296	120695
714	200.0	-8.20524204137e-16	1.29313671589	89.1812796402	120895
715	200.0	-8.20524204137e-16	0.62763941288	115.791450119	121095
716	200.0	-8.20524204137e-16	0.357739150524	116.188039551	121295
717	200.0	-8.20524204137e-16	0.413649827242	113.567792168	121495
718	200.0	-8.20524204137e-16	0.1900267452	112.448355331	121695
719	200.0	-8.20524204137e-16	0.201263353229	111.731572647	121895
720	200.0	-8.20524204137e-16	0.126749828458	110.575228691	122095
721	200.0	-8.20524204137e-16	0.192674204707	108.377010765	122295
722	200.0	-8.20524204137e-16	0.207689166069	108.138429375	122495
723	200.0	-8.20524204137e-16	0.104855194688	107.44547451	122695
724	200.0	-8.20524204137e-16	0.130321860313	106.888679581	122895
725	200.0	-8.20524204137e-16	0.103241309524	107.50164547	123095
726	200.0	-8.20524204137e-16	0.119347572327	95.2739198112	123295
727	200.0	-8.20524204137e-16	0.136997923255	106.716735001	123495
728	200.0	-8.20524204137e-16	0.0731274783611	107.399957962	123695
729	200.0	-8.20524204137e-16	0.126097530127	106.109164467	123895
730	200.0	-8.20524204137e-16	0.070568703115	107.264519577	124095
731	200.0	-8.20524204137e-16	0.108334474266	105.798777924	124295
732	200.0	-8.20524204137e-16	0.0970970541239	105.467162094	124495
733	200.0	-8.20524204137e-16	0.0567344278097	104.790243568	124695
734	200.0	-8.20524204137e-16	0.0636058822274	104.684430313	124895
735	200.0	-8.20524204137e-16	0.0467791855335	105.000528679	125095
736	200.0	-8.20524204137e-16	0.0302832629532	104.80683197	125295
737	200.0	-8.20524204137e-16	0.0483067408204	104.253294067	125495
738	200.0	-8.20524204137e-16	0.101452931762	106.776908264	125695
739	200.0	-8.20524204137e-16	0.104296661913	107.545728683	125895
740	200.0	-8.20524204137e-16	0.0695745274425	106.919044762	126095
741	200.0	-8.20524204137e-16	0.0566501319408	107.333290749	126295
742	200.0	-8.20524204137e-16	0.128678545356	106.633761177	126495
743	200.0	-8.20524204137e-16	0.048630900681	107.743757439	126695
744	200.0	-8.20524204137e-16	0.0689058229327	106.324091225	126895
745	200.0	-8.20524204137e-16	0.0440157353878	106.634892159	127095
746	200.0	-8.20524204137e-16	0.182610288262	106.594718971	127295
747	200.0	-8.20524204137e-16	0.0226820465177	105.891697884	127495
748	200.0	-8.20524204137e-16	0.0666866600513	105.333781395	127695
749	200.0	-8.20524204137e-16	0.0394757911563	105.574370041	127895
750	200.0	-8.20524204137e-16	0.0137297464535	105.202386665	128095
751	200.0	-8.20524204137e-16	0.381497472525	103.37120636	128295
752	200.0	-8.20524204137e-16	0.254094690084	106.119046783	128495
753	200.0	-8.20524204137e-16	0.275280505419	105.449507103	128695
754	200.0	-8.20524204137e-16	0.0595492571592	104.569056473	128895
755	200.0	-8.20524204137e-16	0.0214073006064	103.722860374	129095
756	200.0	-8.20524204137e-16	0.0561743676662	104.243167992	129295
757	200.0	-8.20524204137e-16	0.0140191558748	104.720594139	129495
758	200.0	-8.20524204137e-16	0.0254997182637	105.302465401	129695
759	200.0	-8.20524204137e-16	0.0222778413445	104.689079208	129895
760	200.0	-8.20524204137e-16	0.0440553426743	104.085403252	130095
761	200.0	-8.20524204137e-16	0.0172269996256	104.739461555	130295
762	200.0	-8.20524204137e-16	0.0205504465848	104.922679558	130495
763	200.0	-8.20524204137e-16	0.0661179721355	104.806806183	130695
764	200.0	-8.20524204137e-16	0.0510010868311	95.051060524	130895
765	200.0	-8.20524204137e-16	0.0433189384639	104.372485085	131095
766	200.0	-8.20524204137e-16	0.0823826417327	102.007166481	131295
767	200.0	-8.20524204137e-16	0.15622395277	105.236852264	131495
768	200.0	-8.20524204137e-16	0.026771215722	105.148053207	131695
769	200.0	-8.20524204137e-16	0.0206921435893	105.204666595	131895
770	200.0	-8.20524204137e-16	0.0586314499378	104.74890564	132095
771	200.0	-8.20524204137e-16	0.0192910581827	103.845596428	132295
772	200.0	-8.20524204137e-16	0.0117275044322	104.043755341	132495
773	200.0	-8.20524204137e-16	0.0571899116039	104.462959633	132695
774	200.0	-8.20524204137e-16	0.0140406647697	105.470797539	132895
775	200.0	-8.20524204137e-16	0.0275042541325	101.729086533	133095
776	200.0	-8.20524204137e-16	0.239820301533	104.121559219	133295
777	200.0	-8.20524204137e-16	0.122606821358	105.836852264	133495
778	200.0	-8.20524204137e-16	0.0228687245399	106.841805992	133695
779	200.0	-8.20524204137e-16	0.0565220564604	108.702210197	133895
780	200.0	-8.20524204137e-16	0.089502632618	92.3707343864	134095
781	200.0	-8.20524204137e-16	0.0732877254486	108.673353386	134295
782	200.0	-8.20524204137e-16	0.0428756587207	109.529760246	134495
783	200.0	-8.20524204137e-16	0.028321582824	108.872026405	134695
784	200.0	-8.20524204137e-16	0.0247583016753	108.605936966	134895
785	200.0	-8.20524204137e-16	0.00923414342105	107.693549232	135095
786	200.0	-8.20524204137e-16	0.0135897658765	106.699551506	135295
787	144.0	-8.20524204137e-16	0.0072460542433	96.8095632129	135439
788	200.0	-8.20524204137e-16	1.13600885868	106.982290955	135639
789	200.0	-8.20524204137e-16	1.88030302525	111.696994934	135839
790	130.0	-8.20524204137e-16	1.56856274605	116.978114201	135969
791	200.0	-8.20524204137e-16	3.40043830872	128.090293579	136169
792	200.0	-8.20524204137e-16	18.3392906189	192.794665527	136369
793	43.0	-8.20524204137e-16	11.8235473633	208.330775416	136412
794	200.0	-8.20524204137e-16	24.0530719757	540.904018135	136612
795	200.0	-8.20524204137e-16	37.1478233337	1252.7294294	136812
796	200.0	-8.20524204137e-16	60.5959663391	1356.94150818	137012
797	200.0	-8.20524204137e-16	28.9055461884	1319.76002411	137212
798	200.0	-8.20524204137e-16	54.7929496765	1341.00109222	137412
799	173.0	-8.20524204137e-16	7.8339805603	1420.04757073	137585
800	162.0	-8.20524204137e-16	485.724334717	1278.97567448	137747
801	119.0	-8.20524204137e-16	74.6421356201	1097.67523039	137866
802	200.0	-8.20524204137e-16	253.94090271	1140.59397491	138066
803	200.0	-8.20524204137e-16	41.8648643494	1096.62929352	138266
804	200.0	-8.20524204137e-16	35.0846786499	991.260778198	138466
805	200.0	-8.20524204137e-16	28.6895122528	873.35742157	138666
806	200.0	-8.20524204137e-16	7.54228401184	864.762339325	138866
807	200.0	-8.20524204137e-16	9.97488307953	848.21868866	139066
808	200.0	-8.20524204137e-16	4.84241199493	785.96243103	139266
809	200.0	-8.20524204137e-16	4.25519704819	746.841300964	139466
810	200.0	-8.20524204137e-16	4.41213846207	693.638657532	139666
811	200.0	-8.20524204137e-16	6.4179186821	650.724101868	139866
812	200.0	-8.20524204137e-16	4.87083625793	593.599391174	140066
813	200.0	-8.20524204137e-16	2.83271002769	526.155601807	140266
814	200.0	-8.20524204137e-16	3.41858553886	482.993393707	140466
815	200.0	-8.20524204137e-16	1.877571702	432.500992737	140666
816	200.0	-8.20524204137e-16	1.37154817581	394.535857391	140866
817	200.0	-8.20524204137e-16	1.26122272015	367.092761383	141066
818	200.0	-8.20524204137e-16	0.844501197338	334.143845062	141266
819	200.0	-8.20524204137e-16	0.919560551643	317.555096741	141466
820	200.0	-8.20524204137e-16	0.6588742733	294.341457367	141666
821	200.0	-8.20524204137e-16	0.535967707634	285.557582397	141866
822	200.0	-8.20524204137e-16	0.627180099487	271.253191986	142066
823	200.0	-8.20524204137e-16	0.473777621984	259.768843842	142266
824	200.0	-8.20524204137e-16	0.452644646168	253.328392639	142466
825	200.0	-8.20524204137e-16	0.378288686275	245.048690414	142666
826	200.0	-8.20524204137e-16	0.423441112041	229.165501251	142866
827	200.0	-8.20524204137e-16	0.399114370346	217.660720978	143066
828	200.0	-8.20524204137e-16	0.376856386662	203.744736786	143266
829	200.0	-8.20524204137e-16	0.313037157059	198.891532669	143466
830	200.0	-8.20524204137e-16	0.4647552073	183.198389435	143666
831	200.0	-8.20524204137e-16	0.314051389694	181.360290756	143866
832	200.0	-8.20524204137e-16	0.2160269171	175.907977676	144066
833	200.0	-8.20524204137e-16	0.189807683229	174.456603165	144266
834	200.0	-8.20524204137e-16	0.138580337167	164.876116791	144466
835	200.0	-8.20524204137e-16	0.138541713357	155.415531006	144666
836	200.0	-8.20524204137e-16	0.136294901371	148.889394302	144866
837	200.0	-8.20524204137e-16	0.086477778852	144.900238571	145066
838	200.0	-8.20524204137e-16	0.0785317346454	145.049037704	145266
839	200.0	-8.20524204137e-16	0.120052978396	140.121452026	145466
840	200.0	-8.20524204137e-16	0.0916841328144	137.078287277	145666
841	200.0	-8.20524204137e-16	0.0844312608242	132.925874329	145866
842	200.0	-8.20524204137e-16	0.0506349466741	129.663150444	146066
843	200.0	-8.20524204137e-16	0.0547607243061	124.841171684	146266
844	200.0	-8.20524204137e-16	0.0526212751865	125.693024521	146466
845	200.0	-8.20524204137e-16	0.0598097033799	123.732720985	146666
846	200.0	-8.20524204137e-16	0.115178950131	120.808781433	146866
847	200.0	-8.20524204137e-16	0.0534987263381	120.764782562	147066
848	200.0	-8.20524204137e-16	0.0908262133598	116.486061859	147266
849	200.0	-8.20524204137e-16	0.333756268024	116.374500771	147466
850	200.0	-8.20524204137e-16	0.270732790232	114.696101494	147666
851	200.0	-8.20524204137e-16	0.0849873125553	113.502232094	147866
852	200.0	-8.20524204137e-16	0.0917676389217	112.837072411	148066
853	200.0	-8.20524204137e-16	0.115109398961	112.990138512	148266
854	200.0	-8.20524204137e-16	0.118699245155	113.070254059	148466
855	200.0	-8.20524204137e-16	0.0452479757369	112.084103928	148666
856	200.0	-8.20524204137e-16	0.153704717755	112.158067398	148866
857	200.0	-8.20524204137e-16	0.0942240506411	110.647134514	149066
858	200.0	-8.20524204137e-16	0.11665379256	108.125931931	149266
859	200.0	-8.20524204137e-16	0.106710575521	106.880192261	149466
860	200.0	-8.20524204137e-16	0.0738293901086	108.886946259	149666
861	200.0	-8.20524204137e-16	0.113168418407	109.2852248	149866
862	200.0	-8.20524204137e-16	0.182724386454	108.213697586	150066
863	200.0	-8.20524204137e-16	0.0961353108287	105.620271912	150266
864	200.0	-8.20524204137e-16	0.0586528219283	104.059593735	150466
865	200.0	-8.20524204137e-16	0.138708457351	106.682035561	150666
866	200.0	-8.20524204137e-16	0.114032007754	105.728724709	150866
867	200.0	-8.20524204137e-16	0.0983306914568	104.599914398	151066
868	200.0	-8.20524204137e-16	0.205800399184	107.554739876	151266
869	200.0	-8.20524204137e-16	0.304470926523	105.101291313	151466
870	200.0	-8.20524204137e-16	0.074711188674	106.004492798	151666
871	200.0	-8.20524204137e-16	0.0945678725839	105.175883255	151866
872	200.0	-8.20524204137e-16	0.158701762557	99.5840641403	152066
873	200.0	-8.20524204137e-16	0.0777590870857	108.577726898	152266
874	200.0	-8.20524204137e-16	0.0405271537602	108.381815071	152466
875	200.0	-8.20524204137e-16	0.12349499017	106.911345253	152666
876	200.0	-8.20524204137e-16	0.0747803375125	107.433301735	152866
877	200.0	-8.20524204137e-16	0.0580933652818	106.124831543	153066
878	200.0	-8.20524204137e-16	0.314531236887	105.913463898	153266
879	200.0	-8.20524204137e-16	0.0835445225239	106.984448586	153466
880	200.0	-8.20524204137e-16	0.0485043339431	106.821894341	153666
881	200.0	-8.20524204137e-16	0.164138063788	108.208149986	153866
882	200.0	-8.20524204137e-16	0.049221009016	109.721841507	154066
883	200.0	-8.20524204137e-16	0.088551864028	109.413854523	154266
884	200.0	-8.20524204137e-16	0.251440197229	108.963528328	154466
885	200.0	-8.20524204137e-16	0.253055751324	109.238319206	154666
886	200.0	-8.20524204137e-16	0.0552603900433	109.097685623	154866
887	200.0	-8.20524204137e-16	0.0386834964156	109.740003204	155066
888	200.0	-8.20524204137e-16	0.109185561538	109.730887833	155266
889	200.0	-8.20524204137e-16	0.0886461436749	109.456508255	155466
890	200.0	-8.20524204137e-16	0.0511836446822	109.517547798	155666
891	200.0	-8.20524204137e-16	0.0531223490834	109.625705757	155866
892	200.0	-8.20524204137e-16	0.0885063558817	112.650065002	156066
893	200.0	-8.20524204137e-16	1.15758705139	107.958612785	156266
894	200.0	-8.20524204137e-16	0.333960831165	116.374066467	156466
895	200.0	-8.20524204137e-16	0.171220928431	117.587108307	156666
896	200.0	-8.20524204137e-16	0.520912706852	117.547087669	156866
897	200.0	-8.20524204137e-16	0.345463067293	118.424713402	157066
898	200.0	-8.20524204137e-16	0.106120020151	116.498365784	157266
899	200.0	-8.20524204137e-16	0.191669046879	120.067309074	157466
900	200.0	-8.20524204137e-16	0.0683410391212	117.601625519	157666
901	200.0	-8.20524204137e-16	0.160584196448	115.85688858	157866
902	200.0	-8.20524204137e-16	0.0788489580154	119.798992386	158066
903	200.0	-8.20524204137e-16	0.0919207185507	115.223661308	158266
904	200.0	-8.20524204137e-16	0.128841087222	116.76678936	158466
905	200.0	-8.20524204137e-16	0.0321117080748	116.359600182	158666
906	200.0	-8.20524204137e-16	0.0341027937829	114.587460632	158866
907	141.0	-8.20524204137e-16	0.916736006737	102.114777113	159007
908	11.0	-8.20524204137e-16	4.81798839569	113.894274625	159018
909	13.0	-8.20524204137e-16	4.20403337479	103.064305819	159031
910	171.0	-8.20524204137e-16	8.73454189301	105.189660831	159202
911	200.0	-8.20524204137e-16	1.39120042324	128.219775658	159402
912	200.0	-8.20524204137e-16	2.89823460579	126.379335442	159602
913	200.0	-8.20524204137e-16	0.937790811062	139.323846588	159802
914	200.0	-8.20524204137e-16	0.995801687241	120.932590179	160002
915	200.0	-8.20524204137e-16	0.262556195259	137.572979774	160202
916	200.0	-8.20524204137e-16	0.186689987779	150.426305695	160402
917	200.0	-8.20524204137e-16	0.163717389107	139.222118416	160602
918	200.0	-8.20524204137e-16	0.863464295864	152.431471901	160802
919	200.0	-8.20524204137e-16	0.111572399735	146.622914581	161002
920	200.0	-8.20524204137e-16	0.275475144386	142.779681587	161202
921	200.0	-8.20524204137e-16	0.225640773773	138.421698418	161402
922	200.0	-8.20524204137e-16	0.848460614681	126.881611595	161602
923	200.0	-8.20524204137e-16	0.406865656376	130.532313766	161802
924	200.0	-8.20524204137e-16	0.637620329857	129.265324402	162002
925	200.0	-8.20524204137e-16	0.26786762476	129.094211807	162202
926	200.0	-8.20524204137e-16	0.253423959017	122.295000267	162402
927	200.0	-8.20524204137e-16	0.44829711318	127.244495621	162602
928	180.0	-8.20524204137e-16	0.578472316265	124.807306777	162782
929	200.0	-8.20524204137e-16	0.55307841301	128.669231186	162982
930	200.0	-8.20524204137e-16	0.125698432326	125.9573106	163182
931	200.0	-8.20524204137e-16	0.260897725821	129.169024086	163382
932	200.0	-8.20524204137e-16	0.154368817806	124.801512146	163582
933	200.0	-8.20524204137e-16	0.10584256798	122.617150192	163782
934	200.0	-8.20524204137e-16	0.0581505596638	126.322736664	163982
935	199.0	-8.20524204137e-16	1.3637355566	117.489398324	164181
936	200.0	-8.20524204137e-16	0.788248300552	120.75112175	164381
937	172.0	-8.20524204137e-16	0.47000053525	117.897077383	164553
938	200.0	-8.20524204137e-16	1.45548975468	113.938373833	164753
939	200.0	-8.20524204137e-16	1.34231889248	113.685993233	164953
940	200.0	-8.20524204137e-16	0.324930012226	122.786790085	165153
941	200.0	-8.20524204137e-16	0.180162385106	111.279810486	165353
942	200.0	-8.20524204137e-16	0.0541625879705	114.6730373	165553
943	200.0	-8.20524204137e-16	0.131803691387	94.9731991279	165753
944	200.0	-8.20524204137e-16	0.171222686768	115.253211632	165953
945	200.0	-8.20524204137e-16	0.266866922379	77.503558526	166153
946	200.0	-8.20524204137e-16	0.183929637074	105.845928564	166353
947	200.0	-8.20524204137e-16	0.199078068137	100.4426408	166553
948	200.0	-8.20524204137e-16	0.341597139835	61.2144096279	166753
949	200.0	-8.20524204137e-16	0.250950723886	58.2585782486	166953
950	200.0	-8.20524204137e-16	0.326945275068	101.468907013	167153
951	200.0	-8.20524204137e-16	0.278239279985	118.512434311	167353
952	200.0	-8.20524204137e-16	0.279668450356	118.626979523	167553
953	200.0	-8.20524204137e-16	0.144351765513	117.464688339	167753
954	200.0	-8.20524204137e-16	0.118402898312	114.973207359	167953
955	200.0	-8.20524204137e-16	0.0913497433066	115.577849236	168153
956	200.0	-8.20524204137e-16	0.203251987696	118.880188713	168353
957	200.0	-8.20524204137e-16	0.115346357226	119.500928726	168553
958	174.0	-8.20524204137e-16	0.164442181587	115.107098766	168727
959	200.0	-8.20524204137e-16	0.756209731102	100.641658344	168927
960	200.0	-8.20524204137e-16	0.378694146872	57.434798768	169127
961	200.0	-8.20524204137e-16	0.790051341057	125.816436691	169327
962	200.0	-8.20524204137e-16	1.23193597794	82.9171359974	169527
963	200.0	-8.20524204137e-16	0.782140910625	110.833464737	169727
964	200.0	-8.20524204137e-16	0.339719325304	131.060206146	169927
965	200.0	-8.20524204137e-16	0.222629010677	124.28581562	170127
966	200.0	-8.20524204137e-16	0.166930422187	125.548179855	170327
967	200.0	-8.20524204137e-16	0.0819312259555	118.371180611	170527
968	200.0	-8.20524204137e-16	0.0775686576962	122.915044785	170727
969	200.0	-8.20524204137e-16	0.0910180658102	122.582167587	170927
970	200.0	-8.20524204137e-16	0.0782977491617	124.2876577	171127
971	200.0	-8.20524204137e-16	0.0750122144818	121.268455353	171327
972	200.0	-8.20524204137e-16	0.0415393337607	119.79114048	171527
973	200.0	-8.20524204137e-16	0.0469328314066	119.728036842	171727
974	200.0	-8.20524204137e-16	0.06896468997	117.11110611	171927
975	200.0	-8.20524204137e-16	0.0401584431529	116.053178711	172127
976	200.0	-8.20524204137e-16	0.0250314809382	114.878459625	172327
977	200.0	-8.20524204137e-16	0.0235654972494	114.01454567	172527
978	200.0	-8.20524204137e-16	0.113543778658	112.781604652	172727
979	200.0	-8.20524204137e-16	0.0240766499192	111.207542267	172927
980	200.0	-8.20524204137e-16	0.0215716473758	110.205742149	173127
981	200.0	-8.20524204137e-16	0.0144088184461	109.195675049	173327
982	200.0	-8.20524204137e-16	0.0205005221069	109.245564423	173527
983	200.0	-8.20524204137e-16	0.0222571138293	108.926270485	173727
984	200.0	-8.20524204137e-16	0.0316329672933	108.381749153	173927
985	200.0	-8.20524204137e-16	0.0392864607275	108.369754066	174127
986	200.0	-8.20524204137e-16	0.0271178074181	108.119886627	174327
987	200.0	-8.20524204137e-16	0.0413097962737	108.335770493	174527
988	200.0	-8.20524204137e-16	0.0259654149413	107.971703033	174727
989	200.0	-8.20524204137e-16	0.0934171453118	108.336291771	174927
990	200.0	-8.20524204137e-16	0.0192751511931	108.125285149	175127
991	200.0	-8.20524204137e-16	0.00883761607111	106.533986359	175327
992	200.0	-8.20524204137e-16	0.0166918858886	106.072570724	175527
993	200.0	-8.20524204137e-16	0.0368423238397	106.509800491	175727
994	200.0	-8.20524204137e-16	0.00978218205273	106.725769958	175927
995	200.0	-8.20524204137e-16	0.0140844155103	106.217880516	176127
996	200.0	-8.20524204137e-16	0.0144727518782	105.586035995	176327
997	200.0	-8.20524204137e-16	0.175406306982	105.394413719	176527
998	200.0	-8.20524204137e-16	0.0127854403108	105.324602127	176727
999	200.0	-8.20524204137e-16	0.0163442548364	105.133697853	176927
