0	-200.0	1	0	0.0	200
1	-200.0	1	0	0.0	400
2	-200.0	1	0	0.0	600
3	-200.0	1	0	0.0	800
4	-200.0	1	0	0.0	1000
5	-200.0	0.905	0.0151226157323	-0.273467676044	1200
6	-200.0	0.805	0.0373294577003	-2.42659796238	1400
7	-200.0	0.705	0.0876892507076	-4.10386640549	1600
8	-200.0	0.605	0.0381922386587	-6.89318815231	1800
9	-200.0	0.505	0.0406591333449	-13.3322574615	2000
10	-200.0	0.405	0.106891654432	-18.8404162884	2200
11	-200.0	0.305	0.0423149503767	-25.5591462135	2400
12	-200.0	0.205	0.0193102955818	-29.0255629349	2600
13	-200.0	0.105	0.035150449723	-37.2151040268	2800
14	-200.0	0.005	0.0465467311442	-48.798745594	3000
15	-200.0	-8.20524204137e-16	0.051755130291	-49.125428772	3200
16	-200.0	-8.20524204137e-16	0.0360978618264	-50.2187918854	3400
17	-200.0	-8.20524204137e-16	0.0189572889358	-51.5098717499	3600
18	-200.0	-8.20524204137e-16	0.0114645548165	-56.4484375381	3800
19	-200.0	-8.20524204137e-16	0.0346776209772	-59.0541840744	4000
20	-200.0	-8.20524204137e-16	0.00678240694106	-61.6342161751	4200
21	-200.0	-8.20524204137e-16	0.00413129199296	-63.806026783	4400
22	-200.0	-8.20524204137e-16	0.00649396982044	-65.849792099	4600
23	-200.0	-8.20524204137e-16	0.0195752177387	-66.2468275833	4800
24	-200.0	-8.20524204137e-16	0.0199606604874	-68.5584165955	5000
25	-200.0	-8.20524204137e-16	0.0151404775679	-68.5543026352	5200
26	-200.0	-8.20524204137e-16	0.00791593920439	-70.767873497	5400
27	-200.0	-8.20524204137e-16	0.00707858242095	-72.9243262482	5600
28	-200.0	-8.20524204137e-16	0.00694334413856	-75.0408903885	5800
29	-200.0	-8.20524204137e-16	0.00931900180876	-74.9409895325	6000
30	-200.0	-8.20524204137e-16	0.00617069005966	-75.9596501923	6200
31	-200.0	-8.20524204137e-16	0.0261862277985	-77.8089826202	6400
32	-200.0	-8.20524204137e-16	0.0182687658817	-78.0145575714	6600
33	-200.0	-8.20524204137e-16	0.00927990023047	-79.4296642303	6800
34	-200.0	-8.20524204137e-16	0.015556990169	-81.0196043015	7000
35	-200.0	-8.20524204137e-16	0.00917456299067	-82.3970668411	7200
36	-200.0	-8.20524204137e-16	0.0648873522878	-84.563112793	7400
37	-200.0	-8.20524204137e-16	0.00313735613599	-85.8067406082	7600
38	-200.0	-8.20524204137e-16	0.00953201018274	-84.8816835403	7800
39	-200.0	-8.20524204137e-16	0.0233300123364	-86.1053002548	8000
40	-200.0	-8.20524204137e-16	0.0641361474991	-87.1990499496	8200
41	-200.0	-8.20524204137e-16	0.0155843636021	-87.566653595	8400
42	-147.0	-8.20524204137e-16	0.0129182385281	-86.3540975869	8547
43	-200.0	-8.20524204137e-16	0.0574039965868	-88.0098546219	8747
44	-200.0	-8.20524204137e-16	0.0336458794773	-88.0182283783	8947
45	-200.0	-8.20524204137e-16	0.108113974333	-81.0300071716	9147
46	-200.0	-8.20524204137e-16	0.114888511598	-85.0360366821	9347
47	-177.0	-8.20524204137e-16	0.117385432124	-65.4674707429	9524
48	-200.0	-8.20524204137e-16	0.0750906392932	-78.9343151093	9724
49	-152.0	-8.20524204137e-16	0.10493003577	-58.7858719261	9876
50	-200.0	-8.20524204137e-16	0.299011528492	-73.5142710876	10076
51	-89.0	-8.20524204137e-16	0.0593382455409	-59.498586869	10165
52	-200.0	-8.20524204137e-16	0.0826498344541	-82.1289350128	10365
53	-200.0	-8.20524204137e-16	0.0992838442326	-82.5684778976	10565
54	-86.0	-8.20524204137e-16	0.101405210793	-51.7233432836	10651
55	-200.0	-8.20524204137e-16	0.0947385579348	-61.5184100269	10851
56	-165.0	-8.20524204137e-16	0.379711985588	-50.529400275	11016
57	-138.0	-8.20524204137e-16	0.135886311531	-52.8171866389	11154
58	-130.0	-8.20524204137e-16	0.0630427002907	-51.297558944	11284
59	-150.0	-8.20524204137e-16	0.0613491497934	-57.5668700693	11434
60	-155.0	-8.20524204137e-16	0.0851207301021	-37.0175325724	11589
61	-139.0	-8.20524204137e-16	0.264244318008	-41.8491521156	11728
62	-138.0	-8.20524204137e-16	0.0817274078727	-41.7659188995	11866
63	-138.0	-8.20524204137e-16	0.06933991611	-44.7271775634	12004
64	-144.0	-8.20524204137e-16	0.0992515981197	-42.5956484394	12148
65	-200.0	-8.20524204137e-16	0.132743433118	-65.5965000725	12348
66	-138.0	-8.20524204137e-16	0.125244110823	-40.7684099467	12486
67	-130.0	-8.20524204137e-16	0.166173323989	-37.6632826218	12616
68	-103.0	-8.20524204137e-16	0.0999139025807	-39.5604107172	12719
69	-158.0	-8.20524204137e-16	0.0791430473328	-38.1501114923	12877
70	-160.0	-8.20524204137e-16	0.0391022898257	-39.588180504	13037
71	-170.0	-8.20524204137e-16	0.137360215187	-47.5017505996	13207
72	-132.0	-8.20524204137e-16	0.0282089225948	-39.4969267231	13339
73	-200.0	-8.20524204137e-16	0.0454221963882	-62.0931870461	13539
74	-200.0	-8.20524204137e-16	0.0321955345571	-59.9939977932	13739
75	-103.0	-8.20524204137e-16	0.0391264930367	-44.2744615934	13842
76	-94.0	-8.20524204137e-16	0.0314536206424	-42.7422555431	13936
77	-151.0	-8.20524204137e-16	0.0396714173257	-43.7568795057	14087
78	-88.0	-8.20524204137e-16	0.0211233701557	-40.4442270805	14175
79	-150.0	-8.20524204137e-16	0.0301529411227	-46.1832025607	14325
80	-144.0	-8.20524204137e-16	0.0800618231297	-44.8120755553	14469
81	-138.0	-8.20524204137e-16	0.0820444822311	-44.8204324915	14607
82	-86.0	-8.20524204137e-16	0.037629570812	-38.2699321647	14693
83	-172.0	-8.20524204137e-16	0.124090410769	-36.1362627932	14865
84	-101.0	-8.20524204137e-16	0.069611556828	-40.5070567981	14966
85	-101.0	-8.20524204137e-16	0.0410253740847	-41.0735945088	15067
86	-85.0	-8.20524204137e-16	0.0510088466108	-38.6307810839	15152
87	-200.0	-8.20524204137e-16	0.0321796052158	-56.1228285599	15352
88	-200.0	-8.20524204137e-16	0.0605236105621	-69.8208910751	15552
89	-149.0	-8.20524204137e-16	0.0298316758126	-41.6889047915	15701
90	-96.0	-8.20524204137e-16	0.0923375040293	-41.2450165103	15797
91	-200.0	-8.20524204137e-16	0.0992257595062	-58.1740574074	15997
92	-102.0	-8.20524204137e-16	0.0854112654924	-41.3487440792	16099
93	-154.0	-8.20524204137e-16	0.044380042702	-54.2801643815	16253
94	-149.0	-8.20524204137e-16	0.0348367020488	-49.9546933488	16402
95	-162.0	-8.20524204137e-16	0.0502742007375	-57.1276616822	16564
96	-170.0	-8.20524204137e-16	0.0529849231243	-48.5171188347	16734
97	-158.0	-8.20524204137e-16	0.0734262987971	-45.9426021949	16892
98	-100.0	-8.20524204137e-16	0.0387238413095	-40.5884513211	16992
99	-159.0	-8.20524204137e-16	0.0334220603108	-53.4779565484	17151
100	-90.0	-8.20524204137e-16	0.0246607679874	-37.5982780125	17241
101	-152.0	-8.20524204137e-16	0.0409425310791	-52.4406008042	17393
102	-151.0	-8.20524204137e-16	0.0333465225995	-38.7808866726	17544
103	-145.0	-8.20524204137e-16	0.0798846781254	-46.6092621139	17689
104	-146.0	-8.20524204137e-16	0.0236765611917	-46.5524121515	17835
105	-198.0	-8.20524204137e-16	0.0307329073548	-44.3109474461	18033
106	-97.0	-8.20524204137e-16	0.0388902649283	-38.0866622507	18130
107	-145.0	-8.20524204137e-16	0.0574360862374	-42.0182636117	18275
108	-84.0	-8.20524204137e-16	0.0256398525089	-34.7789427127	18359
109	-90.0	-8.20524204137e-16	0.0438554435968	-38.141887686	18449
110	-154.0	-8.20524204137e-16	0.0224105343223	-50.5418017344	18603
111	-148.0	-8.20524204137e-16	0.0289244838059	-49.5781996411	18751
112	-153.0	-8.20524204137e-16	0.0310368593782	-41.7246235256	18904
113	-155.0	-8.20524204137e-16	0.0799624472857	-47.2021522814	19059
114	-93.0	-8.20524204137e-16	0.0589377135038	-40.0581250806	19152
115	-191.0	-8.20524204137e-16	0.0239562913775	-45.2323032098	19343
116	-132.0	-8.20524204137e-16	0.0670076534152	-40.1000773943	19475
117	-83.0	-8.20524204137e-16	0.0190418511629	-34.7725082377	19558
118	-103.0	-8.20524204137e-16	0.0742850899696	-40.4887805101	19661
119	-150.0	-8.20524204137e-16	0.037337359041	-49.8674632589	19811
120	-90.0	-8.20524204137e-16	0.0192036088556	-37.7641412788	19901
121	-158.0	-8.20524204137e-16	0.0849022716284	-47.8669689667	20059
122	-94.0	-8.20524204137e-16	0.139321789145	-38.4337921168	20153
123	-186.0	-8.20524204137e-16	0.0347740873694	-42.661922632	20339
124	-152.0	-8.20524204137e-16	0.0218741316348	-43.2984312553	20491
125	-156.0	-8.20524204137e-16	0.0426686629653	-45.0023493675	20647
126	-89.0	-8.20524204137e-16	0.0458772070706	-35.3574641782	20736
127	-91.0	-8.20524204137e-16	0.0319237038493	-35.8984826135	20827
128	-89.0	-8.20524204137e-16	0.0299608167261	-35.8297564796	20916
129	-179.0	-8.20524204137e-16	0.0517408438027	-48.3697787609	21095
130	-168.0	-8.20524204137e-16	0.179640993476	-48.667790889	21263
131	-179.0	-8.20524204137e-16	0.0400773286819	-47.9137342948	21442
132	-155.0	-8.20524204137e-16	0.0270973872393	-40.0121259136	21597
133	-150.0	-8.20524204137e-16	0.0570348352194	-42.2744811726	21747
134	-87.0	-8.20524204137e-16	0.172888919711	-36.0753829424	21834
135	-133.0	-8.20524204137e-16	0.0500228442252	-51.1593123092	21967
136	-93.0	-8.20524204137e-16	0.0244046784937	-40.4440038589	22060
137	-146.0	-8.20524204137e-16	0.0447743795812	-44.4047884108	22206
138	-96.0	-8.20524204137e-16	0.129786506295	-41.5996197462	22302
139	-95.0	-8.20524204137e-16	0.422047823668	-41.3179072004	22397
140	-85.0	-8.20524204137e-16	0.0566755980253	-38.3256811703	22482
141	-142.0	-8.20524204137e-16	0.164681598544	-51.7840504495	22624
142	-93.0	-8.20524204137e-16	0.0627331808209	-40.9792942821	22717
143	-200.0	-8.20524204137e-16	0.0587185285985	-74.4869395447	22917
144	-85.0	-8.20524204137e-16	0.027472415939	-37.5498784248	23002
145	-132.0	-8.20524204137e-16	0.0528593547642	-49.4986162764	23134
146	-128.0	-8.20524204137e-16	0.02685546875	-48.8437249931	23262
147	-111.0	-8.20524204137e-16	0.0265860930085	-41.9173509624	23373
148	-131.0	-8.20524204137e-16	0.0169828366488	-40.6881535126	23504
149	-159.0	-8.20524204137e-16	0.0387952663004	-48.8467330026	23663
150	-200.0	-8.20524204137e-16	0.101118348539	-46.5102301502	23863
151	-98.0	-8.20524204137e-16	0.123244233429	-36.9021365424	23961
152	-157.0	-8.20524204137e-16	0.0613674372435	-47.5443163581	24118
153	-144.0	-8.20524204137e-16	0.0704954564571	-42.1899213679	24262
154	-86.0	-8.20524204137e-16	0.0413562878966	-33.857493308	24348
155	-135.0	-8.20524204137e-16	0.130896314979	-47.1641113052	24483
156	-151.0	-8.20524204137e-16	0.055391151458	-40.6192408289	24634
157	-200.0	-8.20524204137e-16	0.0350504480302	-46.8759834099	24834
158	-131.0	-8.20524204137e-16	0.19873124361	-45.9216789781	24965
159	-98.0	-8.20524204137e-16	0.043468657881	-36.7338152759	25063
160	-85.0	-8.20524204137e-16	0.0260678064078	-32.9102551586	25148
161	-86.0	-8.20524204137e-16	0.0178738757968	-33.5008588045	25234
162	-196.0	-8.20524204137e-16	0.0346711836755	-50.3239448642	25430
163	-104.0	-8.20524204137e-16	0.0379766523838	-40.409223419	25534
164	-99.0	-8.20524204137e-16	0.076452434063	-38.8692664498	25633
165	-88.0	-8.20524204137e-16	0.0809501633048	-34.8444815806	25721
166	-154.0	-8.20524204137e-16	0.0271190647036	-47.588973235	25875
167	-146.0	-8.20524204137e-16	0.126485824585	-43.3840930862	26021
168	-155.0	-8.20524204137e-16	0.0626828894019	-48.2613062751	26176
169	-94.0	-8.20524204137e-16	0.0364839173853	-37.5218590745	26270
170	-97.0	-8.20524204137e-16	0.0324965268373	-38.6485877934	26367
171	-142.0	-8.20524204137e-16	0.0576372221112	-48.5996027194	26509
172	-128.0	-8.20524204137e-16	0.123356439173	-42.511321282	26637
173	-96.0	-8.20524204137e-16	0.0468828491867	-37.5925220257	26733
174	-186.0	-8.20524204137e-16	0.0345973409712	-48.6286411797	26919
175	-175.0	-8.20524204137e-16	0.0849379599094	-47.540291582	27094
176	-153.0	-8.20524204137e-16	0.0553555116057	-47.5939642062	27247
177	-123.0	-8.20524204137e-16	0.0271485801786	-41.0263730685	27370
178	-200.0	-8.20524204137e-16	0.0780684277415	-48.1267169476	27570
179	-87.0	-8.20524204137e-16	0.0421046316624	-34.8066496335	27657
180	-153.0	-8.20524204137e-16	0.0319173447788	-48.3974119885	27810
181	-157.0	-8.20524204137e-16	0.822285890579	-40.6885497039	27967
182	-105.0	-8.20524204137e-16	0.0267024859786	-39.1343915678	28072
183	-149.0	-8.20524204137e-16	0.0261216256768	-47.8186992495	28221
184	-181.0	-8.20524204137e-16	0.068740978837	-49.3802702904	28402
185	-152.0	-8.20524204137e-16	0.0440580546856	-47.8183211369	28554
186	-129.0	-8.20524204137e-16	0.0762280002236	-47.8946419155	28683
187	-103.0	-8.20524204137e-16	0.0584255866706	-41.8895933698	28786
188	-161.0	-8.20524204137e-16	0.0374416410923	-51.1860711293	28947
189	-105.0	-8.20524204137e-16	0.104925699532	-41.0331628311	29052
190	-95.0	-8.20524204137e-16	0.147707000375	-37.9527367278	29147
191	-200.0	-8.20524204137e-16	0.101439863443	-76.342101593	29347
192	-89.0	-8.20524204137e-16	0.0400873087347	-36.1003368504	29436
193	-154.0	-8.20524204137e-16	0.0620523765683	-49.3302395422	29590
194	-155.0	-8.20524204137e-16	0.0267572440207	-48.3520932628	29745
195	-84.0	-8.20524204137e-16	0.0533124580979	-33.3856548823	29829
196	-143.0	-8.20524204137e-16	0.0564965493977	-42.7721209818	29972
197	-151.0	-8.20524204137e-16	0.033217985183	-47.3083771592	30123
198	-134.0	-8.20524204137e-16	0.03528130427	-39.4419644457	30257
199	-92.0	-8.20524204137e-16	0.492969602346	-34.4358300644	30349
200	-101.0	-8.20524204137e-16	0.073537632823	-38.9818485869	30450
201	-135.0	-8.20524204137e-16	0.0927248671651	-47.3969314469	30585
202	-141.0	-8.20524204137e-16	0.0431307926774	-42.0012935417	30726
203	-97.0	-8.20524204137e-16	0.0274985320866	-37.7189618189	30823
204	-95.0	-8.20524204137e-16	0.135380968451	-36.8007457332	30918
205	-200.0	-8.20524204137e-16	0.0231422130018	-61.0286647034	31118
206	-111.0	-8.20524204137e-16	0.017708344385	-41.4362661044	31229
207	-134.0	-8.20524204137e-16	0.0283640287817	-47.6065393037	31363
208	-87.0	-8.20524204137e-16	0.0357526130974	-34.3201065896	31450
209	-189.0	-8.20524204137e-16	0.0196626465768	-46.4737785859	31639
210	-151.0	-8.20524204137e-16	0.0336861237884	-47.4458762624	31790
211	-96.0	-8.20524204137e-16	0.0259954072535	-37.0733235367	31886
212	-172.0	-8.20524204137e-16	0.0440166927874	-49.642002051	32058
213	-155.0	-8.20524204137e-16	0.0509543530643	-46.5150384511	32213
214	-175.0	-8.20524204137e-16	0.0417049340904	-48.4861752057	32388
215	-101.0	-8.20524204137e-16	0.0526271499693	-36.7443431911	32489
216	-173.0	-8.20524204137e-16	0.0427555143833	-47.4329599638	32662
217	-88.0	-8.20524204137e-16	0.0275198929012	-33.0795099695	32750
218	-176.0	-8.20524204137e-16	0.0376117266715	-50.3222218996	32926
219	-151.0	-8.20524204137e-16	0.0295865125954	-47.6889441061	33077
220	-152.0	-8.20524204137e-16	0.0262923501432	-46.6421138213	33229
221	-141.0	-8.20524204137e-16	0.0284313969314	-42.5864788649	33370
222	-173.0	-8.20524204137e-16	0.0800731033087	-47.6110548449	33543
223	-151.0	-8.20524204137e-16	0.0292561873794	-40.8257091918	33694
224	-153.0	-8.20524204137e-16	0.0406588539481	-42.5912416647	33847
225	-97.0	-8.20524204137e-16	0.0263889729977	-39.0413402208	33944
226	-136.0	-8.20524204137e-16	0.063818603754	-49.262007467	34080
227	-99.0	-8.20524204137e-16	0.0968195423484	-40.5055263319	34179
228	-106.0	-8.20524204137e-16	0.0977474749088	-40.1586399899	34285
229	-88.0	-8.20524204137e-16	0.119424805045	-34.4505044384	34373
230	-95.0	-8.20524204137e-16	0.0496761724353	-38.4772651384	34468
231	-182.0	-8.20524204137e-16	0.157924547791	-43.4561330945	34650
232	-175.0	-8.20524204137e-16	0.0374112874269	-48.4705417216	34825
233	-154.0	-8.20524204137e-16	0.0419319681823	-46.3888726498	34979
234	-152.0	-8.20524204137e-16	0.111165367067	-45.7415189051	35131
235	-99.0	-8.20524204137e-16	0.035085465759	-37.1346525712	35230
236	-95.0	-8.20524204137e-16	0.0487417653203	-35.3865746348	35325
237	-90.0	-8.20524204137e-16	0.0470464751124	-34.0703897953	35415
238	-155.0	-8.20524204137e-16	0.0357272960246	-45.7152155121	35570
239	-200.0	-8.20524204137e-16	0.11141064018	-48.9084123564	35770
240	-152.0	-8.20524204137e-16	0.115067698061	-47.3712086697	35922
241	-90.0	-8.20524204137e-16	0.049694865942	-33.9034648763	36012
242	-143.0	-8.20524204137e-16	0.228816837072	-43.4204063882	36155
243	-175.0	-8.20524204137e-16	0.0373937524855	-50.4947996998	36330
244	-200.0	-8.20524204137e-16	0.058210786432	-51.1342932415	36530
245	-179.0	-8.20524204137e-16	0.0609550587833	-51.4978682589	36709
246	-148.0	-8.20524204137e-16	0.0282036345452	-48.8411086765	36857
247	-140.0	-8.20524204137e-16	0.0270247273147	-52.0023358345	36997
248	-171.0	-8.20524204137e-16	0.0326910987496	-51.1412139838	37168
249	-92.0	-8.20524204137e-16	0.0825708955526	-37.9171564268	37260
250	-174.0	-8.20524204137e-16	0.0426164641976	-51.4546026265	37434
251	-96.0	-8.20524204137e-16	0.118607535958	-38.8030205568	37530
252	-86.0	-8.20524204137e-16	0.320556491613	-35.5644260645	37616
253	-99.0	-8.20524204137e-16	0.138570904732	-42.3886091926	37715
254	-123.0	-8.20524204137e-16	0.0450549088418	-47.3900741445	37838
255	-101.0	-8.20524204137e-16	0.246022820473	-43.8181664861	37939
256	-151.0	-8.20524204137e-16	0.130893334746	-50.9608915334	38090
257	-90.0	-8.20524204137e-16	0.0478551797569	-37.3045788606	38180
258	-200.0	-8.20524204137e-16	0.233666047454	-52.8755926323	38380
259	-88.0	-8.20524204137e-16	0.142402485013	-34.5438735702	38468
260	-91.0	-8.20524204137e-16	0.219401702285	-35.8151977626	38559
261	-111.0	-8.20524204137e-16	0.0564325526357	-40.5734610257	38670
262	-151.0	-8.20524204137e-16	0.0758631825447	-47.8745854138	38821
263	-92.0	-8.20524204137e-16	0.0331295542419	-34.9121992808	38913
264	-96.0	-8.20524204137e-16	0.0485897213221	-36.9843548611	39009
265	-165.0	-8.20524204137e-16	0.0308344736695	-49.2560188917	39174
266	-87.0	-8.20524204137e-16	0.0334911234677	-33.4146971346	39261
267	-150.0	-8.20524204137e-16	0.0840074568987	-47.3836277209	39411
268	-148.0	-8.20524204137e-16	0.0990854725242	-48.1432341893	39559
269	-116.0	-8.20524204137e-16	0.0240516476333	-42.871879961	39675
270	-174.0	-8.20524204137e-16	0.0877411812544	-49.2626175788	39849
271	-141.0	-8.20524204137e-16	0.048691470176	-48.8637586299	39990
272	-91.0	-8.20524204137e-16	0.0169924013317	-36.2073286628	40081
273	-98.0	-8.20524204137e-16	0.0193573944271	-38.2713480142	40179
274	-143.0	-8.20524204137e-16	0.0350274778903	-44.3830323653	40322
275	-104.0	-8.20524204137e-16	0.157460898161	-40.6480295383	40426
276	-88.0	-8.20524204137e-16	0.027932530269	-37.0948692994	40514
277	-92.0	-8.20524204137e-16	0.0210258960724	-39.1352116906	40606
278	-200.0	-8.20524204137e-16	0.0820790976286	-51.925409565	40806
279	-176.0	-8.20524204137e-16	0.0336505137384	-53.3356046355	40982
280	-173.0	-8.20524204137e-16	0.0653701350093	-51.4200418123	41155
281	-143.0	-8.20524204137e-16	0.0519556738436	-45.4505367567	41298
282	-106.0	-8.20524204137e-16	0.0344874747097	-42.4726507709	41404
283	-96.0	-8.20524204137e-16	0.0446789115667	-38.6206006805	41500
284	-174.0	-8.20524204137e-16	0.0864794626832	-53.1934971426	41674
285	-142.0	-8.20524204137e-16	0.0229665581137	-45.6303310699	41816
286	-172.0	-8.20524204137e-16	0.0681147798896	-50.7619528729	41988
287	-92.0	-8.20524204137e-16	0.122685723007	-34.6106665316	42080
288	-107.0	-8.20524204137e-16	0.0333582609892	-40.3245314794	42187
289	-88.0	-8.20524204137e-16	0.0370930172503	-33.541225558	42275
290	-173.0	-8.20524204137e-16	0.0395812913775	-51.058772719	42448
291	-141.0	-8.20524204137e-16	0.0522778593004	-44.2512490107	42589
292	-90.0	-8.20524204137e-16	0.0461020506918	-34.7199992465	42679
293	-89.0	-8.20524204137e-16	0.068543843925	-34.774212197	42768
294	-89.0	-8.20524204137e-16	0.139931932092	-34.7028358036	42857
295	-140.0	-8.20524204137e-16	0.0570931062102	-45.319784353	42997
296	-149.0	-8.20524204137e-16	0.0434971340001	-48.5082528371	43146
297	-172.0	-8.20524204137e-16	0.0283716320992	-50.6510275006	43318
298	-90.0	-8.20524204137e-16	0.0293563846499	-34.5387171348	43408
299	-177.0	-8.20524204137e-16	0.0241715330631	-51.7096387225	43585
300	-91.0	-8.20524204137e-16	0.033085949719	-34.897697057	43676
301	-144.0	-8.20524204137e-16	0.0158752351999	-48.2232976142	43820
302	-145.0	-8.20524204137e-16	0.0226737745106	-48.0663246993	43965
303	-175.0	-8.20524204137e-16	0.183687746525	-48.3902096912	44140
304	-143.0	-8.20524204137e-16	0.028245318681	-47.9981416881	44283
305	-169.0	-8.20524204137e-16	0.0494337826967	-48.5165787724	44452
306	-170.0	-8.20524204137e-16	0.0794927105308	-50.1319252526	44622
307	-150.0	-8.20524204137e-16	0.134636744857	-47.7455893413	44772
308	-92.0	-8.20524204137e-16	0.0253340788186	-36.9244858623	44864
309	-89.0	-8.20524204137e-16	0.0673690512776	-35.5462154204	44953
310	-172.0	-8.20524204137e-16	0.0846192538738	-51.4584608397	45125
311	-141.0	-8.20524204137e-16	0.0393961444497	-43.3109492816	45266
312	-147.0	-8.20524204137e-16	0.037740919739	-45.231065412	45413
313	-165.0	-8.20524204137e-16	0.0321068242192	-50.0641771331	45578
314	-149.0	-8.20524204137e-16	0.0425917878747	-46.9770932582	45727
315	-108.0	-8.20524204137e-16	0.168657839298	-42.0344744468	45835
316	-99.0	-8.20524204137e-16	0.0376697704196	-39.4933061576	45934
317	-147.0	-8.20524204137e-16	0.0255204420537	-44.3952841329	46081
318	-99.0	-8.20524204137e-16	0.206955865026	-39.4402276494	46180
319	-150.0	-8.20524204137e-16	0.0283340048045	-49.3075239309	46330
320	-144.0	-8.20524204137e-16	0.025267791003	-48.0891462051	46474
321	-102.0	-8.20524204137e-16	0.0477461479604	-41.7582737593	46576
322	-165.0	-8.20524204137e-16	0.0430553928018	-50.9403448567	46741
323	-91.0	-8.20524204137e-16	0.0825085416436	-36.0202464363	46832
324	-140.0	-8.20524204137e-16	0.0245683025569	-44.6422031549	46972
325	-104.0	-8.20524204137e-16	0.0250742584467	-41.2953138718	47076
326	-168.0	-8.20524204137e-16	0.0791562497616	-50.065328239	47244
327	-200.0	-8.20524204137e-16	0.0385054498911	-51.4235229111	47444
328	-91.0	-8.20524204137e-16	0.0972902327776	-35.4011543138	47535
329	-91.0	-8.20524204137e-16	0.133825033903	-35.6036965506	47626
330	-100.0	-8.20524204137e-16	0.0655325353146	-39.5561816359	47726
331	-167.0	-8.20524204137e-16	0.161027565598	-50.4277521989	47893
332	-160.0	-8.20524204137e-16	0.0776544585824	-46.5638636783	48053
333	-90.0	-8.20524204137e-16	0.124395191669	-34.9066810595	48143
334	-154.0	-8.20524204137e-16	0.0442890562117	-47.2540574399	48297
335	-143.0	-8.20524204137e-16	0.0668579563498	-44.8627214603	48440
336	-152.0	-8.20524204137e-16	0.055770739913	-47.9253496579	48592
337	-91.0	-8.20524204137e-16	0.0298466682434	-36.8715695182	48683
338	-143.0	-8.20524204137e-16	0.0287680905312	-46.8242732853	48826
339	-173.0	-8.20524204137e-16	0.0433359965682	-49.9150274379	48999
340	-200.0	-8.20524204137e-16	0.0894602015615	-63.1165197945	49199
341	-97.0	-8.20524204137e-16	0.0862277820706	-40.1576413862	49296
342	-178.0	-8.20524204137e-16	0.273212075233	-53.5425169013	49474
343	-95.0	-8.20524204137e-16	0.108083546162	-36.7932743763	49569
344	-200.0	-8.20524204137e-16	0.230070248246	-52.5920155334	49769
345	-146.0	-8.20524204137e-16	0.0494961477816	-46.1054423986	49915
346	-195.0	-8.20524204137e-16	0.0951675325632	-50.9847504396	50110
347	-145.0	-8.20524204137e-16	0.120020486414	-49.6494249558	50255
348	-156.0	-8.20524204137e-16	0.129345700145	-45.6764308673	50411
349	-130.0	-8.20524204137e-16	0.191120371222	-47.5515510229	50541
350	-175.0	-8.20524204137e-16	0.0710162445903	-52.8325881781	50716
351	-150.0	-8.20524204137e-16	0.0410850830376	-47.3034321411	50866
352	-105.0	-8.20524204137e-16	0.144275188446	-43.4871325413	50971
353	-175.0	-8.20524204137e-16	0.137302234769	-50.8398595694	51146
354	-175.0	-8.20524204137e-16	0.0405685417354	-50.5133208779	51321
355	-169.0	-8.20524204137e-16	0.0403306335211	-50.3294075354	51490
356	-179.0	-8.20524204137e-16	0.0304931774735	-51.2958474559	51669
357	-149.0	-8.20524204137e-16	0.0436241775751	-46.4602154797	51818
358	-200.0	-8.20524204137e-16	0.0183722488582	-75.3783908844	52018
359	-101.0	-8.20524204137e-16	0.0252468958497	-38.453897462	52119
360	-174.0	-8.20524204137e-16	0.0378317758441	-50.4827483111	52293
361	-167.0	-8.20524204137e-16	0.038996361196	-48.4592089461	52460
362	-150.0	-8.20524204137e-16	0.0445336215198	-46.0666226216	52610
363	-99.0	-8.20524204137e-16	0.0566324032843	-39.1416690338	52709
364	-175.0	-8.20524204137e-16	0.0289327725768	-52.0855204783	52884
365	-91.0	-8.20524204137e-16	0.0386987775564	-36.0591213598	52975
366	-168.0	-8.20524204137e-16	0.150412470102	-50.8218727722	53143
367	-92.0	-8.20524204137e-16	0.0724195316434	-39.1522683592	53235
368	-93.0	-8.20524204137e-16	0.0814355090261	-40.3199500666	53328
369	-173.0	-8.20524204137e-16	0.0438200347126	-54.2086292333	53501
370	-145.0	-8.20524204137e-16	0.0324410013855	-48.7575028814	53646
371	-96.0	-8.20524204137e-16	0.133977994323	-39.9473737267	53742
372	-96.0	-8.20524204137e-16	0.0811440870166	-40.0913745885	53838
373	-151.0	-8.20524204137e-16	0.0393659733236	-49.8660447929	53989
374	-147.0	-8.20524204137e-16	0.0217167846859	-50.6097802564	54136
375	-140.0	-8.20524204137e-16	0.0331479199231	-45.9443533821	54276
376	-94.0	-8.20524204137e-16	0.0401866473258	-38.67624974	54370
377	-169.0	-8.20524204137e-16	0.025504892692	-52.8853009495	54539
378	-150.0	-8.20524204137e-16	0.138692557812	-43.3896015394	54689
379	-120.0	-8.20524204137e-16	0.0337873883545	-41.7099466284	54809
380	-97.0	-8.20524204137e-16	0.222236409783	-37.1762142919	54906
381	-149.0	-8.20524204137e-16	0.0568492300808	-47.6474284966	55055
382	-150.0	-8.20524204137e-16	0.0673297122121	-48.4239123726	55205
383	-102.0	-8.20524204137e-16	0.0584427081048	-40.5571473182	55307
384	-172.0	-8.20524204137e-16	0.0331108234823	-53.1956704418	55479
385	-107.0	-8.20524204137e-16	0.0332670211792	-44.774107425	55586
386	-106.0	-8.20524204137e-16	0.0265790633857	-41.6484730536	55692
387	-169.0	-8.20524204137e-16	0.144595175982	-50.6203428965	55861
388	-151.0	-8.20524204137e-16	0.10358864814	-46.523741638	56012
389	-94.0	-8.20524204137e-16	0.0949678644538	-36.3827443605	56106
390	-113.0	-8.20524204137e-16	0.0349765568972	-40.6773332769	56219
391	-173.0	-8.20524204137e-16	0.0187788456678	-50.2932468007	56392
392	-100.0	-8.20524204137e-16	0.105035074055	-37.301653915	56492
393	-142.0	-8.20524204137e-16	0.128967180848	-44.8633020837	56634
394	-100.0	-8.20524204137e-16	0.0428549312055	-37.3042697132	56734
395	-94.0	-8.20524204137e-16	0.0267681572586	-35.5818458009	56828
396	-146.0	-8.20524204137e-16	0.0267809610814	-48.3691885275	56974
397	-101.0	-8.20524204137e-16	0.39177235961	-40.2816362641	57075
398	-167.0	-8.20524204137e-16	0.0151316625997	-49.4503785338	57242
399	-106.0	-8.20524204137e-16	0.0150894327089	-38.7769548072	57348
400	-168.0	-8.20524204137e-16	0.0736164599657	-50.2210919503	57516
401	-147.0	-8.20524204137e-16	0.0493977554142	-47.1445161425	57663
402	-148.0	-8.20524204137e-16	0.0584483258426	-48.0354611004	57811
403	-173.0	-8.20524204137e-16	0.0631163269281	-50.6260451736	57984
404	-148.0	-8.20524204137e-16	0.0414935424924	-46.6965025551	58132
405	-101.0	-8.20524204137e-16	0.0373402200639	-37.3436821817	58233
406	-95.0	-8.20524204137e-16	0.0489386543632	-35.9896722129	58328
407	-105.0	-8.20524204137e-16	0.0209420435131	-39.6962881043	58433
408	-171.0	-8.20524204137e-16	0.0499351359904	-51.4113347182	58604
409	-172.0	-8.20524204137e-16	0.0216190218925	-51.4513604003	58776
410	-171.0	-8.20524204137e-16	0.0199589319527	-50.5295255521	58947
411	-168.0	-8.20524204137e-16	0.0204349756241	-52.1496746629	59115
412	-91.0	-8.20524204137e-16	0.176737472415	-34.7861355045	59206
413	-150.0	-8.20524204137e-16	0.0591010674834	-48.180633839	59356
414	-141.0	-8.20524204137e-16	0.0346741080284	-43.0091235743	59497
415	-140.0	-8.20524204137e-16	0.0310926083475	-44.7842530915	59637
416	-151.0	-8.20524204137e-16	0.0293887481093	-48.0299597434	59788
417	-173.0	-8.20524204137e-16	0.0313380546868	-52.3365597739	59961
418	-120.0	-8.20524204137e-16	0.0531019940972	-42.3240543723	60081
419	-167.0	-8.20524204137e-16	0.0506802350283	-52.3488000681	60248
420	-171.0	-8.20524204137e-16	0.0249902214855	-51.1810488424	60419
421	-174.0	-8.20524204137e-16	0.0198955275118	-50.8283712288	60593
422	-149.0	-8.20524204137e-16	0.00871584936976	-47.2087870444	60742
423	-174.0	-8.20524204137e-16	0.0271527282894	-51.5448123436	60916
424	-147.0	-8.20524204137e-16	0.0337821505964	-47.3162285495	61063
425	-93.0	-8.20524204137e-16	0.0401913560927	-37.6460619268	61156
426	-174.0	-8.20524204137e-16	0.0671839043498	-52.3814747738	61330
427	-193.0	-8.20524204137e-16	0.0164775494486	-43.8553904029	61523
428	-149.0	-8.20524204137e-16	0.0425853356719	-48.7229575431	61672
429	-144.0	-8.20524204137e-16	0.105205260217	-47.4299101325	61816
430	-175.0	-8.20524204137e-16	0.0332053378224	-53.0339543234	61991
431	-141.0	-8.20524204137e-16	0.17499949038	-46.369628191	62132
432	-166.0	-8.20524204137e-16	0.058994807303	-52.2076428856	62298
433	-151.0	-8.20524204137e-16	0.0291905980557	-48.4381191754	62449
434	-173.0	-8.20524204137e-16	0.0224093366414	-52.7622002901	62622
435	-169.0	-8.20524204137e-16	0.0129133667797	-52.5227999659	62791
436	-169.0	-8.20524204137e-16	0.0116160688922	-51.169849352	62960
437	-173.0	-8.20524204137e-16	0.0134659511968	-52.7138678724	63133
438	-152.0	-8.20524204137e-16	0.0198352150619	-48.9174817597	63285
439	-137.0	-8.20524204137e-16	0.0396110154688	-42.872399384	63422
440	-143.0	-8.20524204137e-16	0.0467555932701	-45.9857092686	63565
441	-117.0	-8.20524204137e-16	0.0620535351336	-42.7725604008	63682
442	-150.0	-8.20524204137e-16	0.0641371011734	-48.3636272844	63832
443	-150.0	-8.20524204137e-16	0.0207726564258	-47.4955418682	63982
444	-96.0	-8.20524204137e-16	0.0582864433527	-39.7104196971	64078
445	-149.0	-8.20524204137e-16	0.0282542966306	-46.9862721206	64227
446	-104.0	-8.20524204137e-16	0.0211495757103	-41.334689044	64331
447	-171.0	-8.20524204137e-16	0.0218819398433	-50.3257100666	64502
448	-149.0	-8.20524204137e-16	0.0603471323848	-47.1160931603	64651
449	-105.0	-8.20524204137e-16	0.0137398671359	-40.503251766	64756
450	-92.0	-8.20524204137e-16	0.120620906353	-36.6070898408	64848
451	-131.0	-8.20524204137e-16	0.0146067161113	-42.1735193038	64979
452	-163.0	-8.20524204137e-16	0.0234925374389	-50.3473905237	65142
453	-101.0	-8.20524204137e-16	0.0554747916758	-40.6798311791	65243
454	-148.0	-8.20524204137e-16	0.0447349064052	-47.5096729349	65391
455	-113.0	-8.20524204137e-16	0.0303288809955	-42.4924774455	65504
456	-140.0	-8.20524204137e-16	0.0296376012266	-44.4605818461	65644
457	-149.0	-8.20524204137e-16	0.143313065171	-48.5214103356	65793
458	-154.0	-8.20524204137e-16	0.0480254106224	-43.5726019198	65947
459	-88.0	-8.20524204137e-16	0.0705205127597	-35.7354830205	66035
460	-94.0	-8.20524204137e-16	0.0380703695118	-38.5420077684	66129
461	-87.0	-8.20524204137e-16	0.0496808066964	-34.6149397239	66216
462	-146.0	-8.20524204137e-16	0.0634487122297	-48.3491736626	66362
463	-148.0	-8.20524204137e-16	0.0275272503495	-47.9994344534	66510
464	-173.0	-8.20524204137e-16	0.0308068618178	-51.2536925277	66683
465	-145.0	-8.20524204137e-16	0.0396036095917	-47.9491269572	66828
466	-96.0	-8.20524204137e-16	0.0403480902314	-38.2855530207	66924
467	-102.0	-8.20524204137e-16	0.0194748751819	-40.4322065699	67026
468	-150.0	-8.20524204137e-16	0.0158783867955	-48.4110560723	67176
469	-149.0	-8.20524204137e-16	0.0238195713609	-48.1200856114	67325
470	-92.0	-8.20524204137e-16	0.0208059474826	-35.9229616626	67417
471	-101.0	-8.20524204137e-16	0.00995709188282	-39.7047388082	67518
472	-165.0	-8.20524204137e-16	0.0523162819445	-52.0099154212	67683
473	-152.0	-8.20524204137e-16	0.0242456626147	-48.1577733175	67835
474	-171.0	-8.20524204137e-16	0.0148553671315	-51.8242495883	68006
475	-148.0	-8.20524204137e-16	0.0510673969984	-47.867939951	68154
476	-145.0	-8.20524204137e-16	0.0163712929934	-47.8265527314	68299
477	-146.0	-8.20524204137e-16	0.0396637581289	-45.0597633072	68445
478	-105.0	-8.20524204137e-16	0.0164745561779	-38.0829808769	68550
479	-103.0	-8.20524204137e-16	0.03341941908	-37.7518546697	68653
480	-165.0	-8.20524204137e-16	0.0165799800307	-51.5427904953	68818
481	-149.0	-8.20524204137e-16	0.181292921305	-44.8471629324	68967
482	-88.0	-8.20524204137e-16	0.0301658846438	-34.7375183918	69055
483	-173.0	-8.20524204137e-16	0.0227968040854	-52.0563106633	69228
484	-145.0	-8.20524204137e-16	0.0279848407954	-45.4718250567	69373
485	-145.0	-8.20524204137e-16	0.0385999828577	-48.4400189803	69518
486	-196.0	-8.20524204137e-16	0.0458846315742	-42.5696308221	69714
487	-146.0	-8.20524204137e-16	0.140456691384	-47.0277729508	69860
488	-200.0	-8.20524204137e-16	0.032838113606	-43.8570644665	70060
489	-103.0	-8.20524204137e-16	0.0881512016058	-40.6191822441	70163
490	-90.0	-8.20524204137e-16	0.078426450491	-34.6383791553	70253
491	-144.0	-8.20524204137e-16	0.0751592665911	-43.458612881	70397
492	-146.0	-8.20524204137e-16	0.0754857510328	-46.4303788322	70543
493	-162.0	-8.20524204137e-16	0.0905357077718	-43.1536562104	70705
494	-144.0	-8.20524204137e-16	0.063997246325	-44.3401553714	70849
495	-91.0	-8.20524204137e-16	0.0844606682658	-37.564021907	70940
496	-108.0	-8.20524204137e-16	0.0471233576536	-43.9840196481	71048
497	-92.0	-8.20524204137e-16	0.0762768536806	-38.0437693544	71140
498	-146.0	-8.20524204137e-16	0.0386815331876	-45.3097464483	71286
499	-168.0	-8.20524204137e-16	0.103006899357	-49.1187964837	71454
500	-87.0	-8.20524204137e-16	0.0356128811836	-35.5258871838	71541
501	-146.0	-8.20524204137e-16	0.0496771857142	-48.2651901613	71687
502	-112.0	-8.20524204137e-16	0.0573679357767	-43.2588855326	71799
503	-96.0	-8.20524204137e-16	0.0245305970311	-38.8040433278	71895
504	-93.0	-8.20524204137e-16	0.0283190477639	-37.3130934046	71988
505	-173.0	-8.20524204137e-16	0.0272097624838	-50.0180075541	72161
506	-184.0	-8.20524204137e-16	0.0202288385481	-51.9991141648	72345
507	-96.0	-8.20524204137e-16	0.0774028599262	-36.5240919131	72441
508	-146.0	-8.20524204137e-16	0.0453057140112	-44.5702988728	72587
509	-176.0	-8.20524204137e-16	0.0470089055598	-42.0441440607	72763
510	-169.0	-8.20524204137e-16	0.0300408806652	-49.0898600633	72932
511	-106.0	-8.20524204137e-16	0.244899392128	-40.7982463724	73038
512	-96.0	-8.20524204137e-16	0.132867366076	-36.2884821594	73134
513	-180.0	-8.20524204137e-16	0.0793367549777	-49.9663449367	73314
514	-178.0	-8.20524204137e-16	0.0462768264115	-50.5288852252	73492
515	-200.0	-8.20524204137e-16	0.0368191860616	-74.1324840164	73692
516	-162.0	-8.20524204137e-16	0.0202000569552	-50.2923013855	73854
517	-175.0	-8.20524204137e-16	0.0167975034565	-50.786565639	74029
518	-177.0	-8.20524204137e-16	0.0108547406271	-51.6730468253	74206
519	-168.0	-8.20524204137e-16	0.0381836779416	-51.1438160723	74374
520	-104.0	-8.20524204137e-16	0.0113952690735	-38.402755453	74478
521	-94.0	-8.20524204137e-16	0.0143980728462	-35.5541408696	74572
522	-98.0	-8.20524204137e-16	0.0173164270818	-36.1353174351	74670
523	-100.0	-8.20524204137e-16	0.019338330254	-36.9589065909	74770
524	-97.0	-8.20524204137e-16	0.0363582149148	-37.3087286666	74867
525	-93.0	-8.20524204137e-16	0.249408394098	-35.0073696336	74960
526	-93.0	-8.20524204137e-16	0.0387483686209	-34.6111775726	75053
527	-190.0	-8.20524204137e-16	0.032625310123	-42.9269704568	75243
528	-101.0	-8.20524204137e-16	0.0375501550734	-36.4074568772	75344
529	-98.0	-8.20524204137e-16	0.0422600507736	-35.4562103383	75442
530	-171.0	-8.20524204137e-16	0.0420800298452	-46.8526595364	75613
531	-192.0	-8.20524204137e-16	0.0717651769519	-45.0248512385	75805
532	-92.0	-8.20524204137e-16	0.0545223727822	-35.4338308897	75897
533	-189.0	-8.20524204137e-16	0.0525913350284	-50.7142843216	76086
534	-119.0	-8.20524204137e-16	0.104289092124	-41.3867195975	76205
535	-200.0	-8.20524204137e-16	0.0334860682487	-74.6729948807	76405
536	-117.0	-8.20524204137e-16	0.0264064632356	-42.8166162275	76522
537	-101.0	-8.20524204137e-16	0.031280502677	-39.0546840618	76623
538	-174.0	-8.20524204137e-16	0.0308654308319	-51.249896266	76797
539	-179.0	-8.20524204137e-16	0.0307174455374	-52.1268460498	76976
540	-200.0	-8.20524204137e-16	0.0617813244462	-44.9298082876	77176
541	-92.0	-8.20524204137e-16	0.115996271372	-35.0143270454	77268
542	-158.0	-8.20524204137e-16	0.0488712526858	-47.5551536906	77426
543	-174.0	-8.20524204137e-16	0.087990835309	-48.7037002722	77600
544	-151.0	-8.20524204137e-16	0.0354848131537	-46.7979990473	77751
545	-178.0	-8.20524204137e-16	0.0249288138002	-51.5878754794	77929
546	-149.0	-8.20524204137e-16	0.0242155026644	-44.1796905642	78078
547	-174.0	-8.20524204137e-16	0.0174150485545	-50.7187525068	78252
548	-144.0	-8.20524204137e-16	0.0496260114014	-45.3265782858	78396
549	-175.0	-8.20524204137e-16	0.0425266064703	-51.5843099928	78571
550	-119.0	-8.20524204137e-16	0.0418717674911	-43.771426287	78690
551	-200.0	-8.20524204137e-16	0.0136067802086	-77.5361663818	78890
552	-98.0	-8.20524204137e-16	0.0603444352746	-38.9626608965	78988
553	-170.0	-8.20524204137e-16	0.0531474612653	-52.8448604976	79158
554	-144.0	-8.20524204137e-16	0.067363679409	-48.0001693628	79302
555	-173.0	-8.20524204137e-16	0.0125932041556	-53.9392409779	79475
556	-154.0	-8.20524204137e-16	0.0150359785184	-49.7954160161	79629
557	-95.0	-8.20524204137e-16	0.0282974280417	-37.7761813841	79724
558	-146.0	-8.20524204137e-16	0.0505582876503	-47.1018234173	79870
559	-122.0	-8.20524204137e-16	0.245964348316	-41.9980712601	79992
560	-175.0	-8.20524204137e-16	0.0518980696797	-54.0478136962	80167
561	-115.0	-8.20524204137e-16	0.110367849469	-43.1955142208	80282
562	-109.0	-8.20524204137e-16	0.103821896017	-40.3970002352	80391
563	-172.0	-8.20524204137e-16	0.0210026055574	-49.7710333494	80563
564	-87.0	-8.20524204137e-16	0.0420794002712	-32.2672910156	80650
565	-92.0	-8.20524204137e-16	0.0475938916206	-32.9460170891	80742
566	-165.0	-8.20524204137e-16	0.0671758949757	-50.4413924102	80907
567	-144.0	-8.20524204137e-16	0.0207616649568	-47.9221421422	81051
568	-161.0	-8.20524204137e-16	0.0240772683173	-49.8825175725	81212
569	-89.0	-8.20524204137e-16	0.0413220226765	-33.6622911611	81301
570	-155.0	-8.20524204137e-16	0.0190495047718	-48.9747139954	81456
571	-175.0	-8.20524204137e-16	0.0164051447064	-50.44761896	81631
572	-146.0	-8.20524204137e-16	0.0126599688083	-43.6457876555	81777
573	-167.0	-8.20524204137e-16	0.0232681352645	-48.9351585047	81944
574	-113.0	-8.20524204137e-16	0.0214199442416	-38.8553978996	82057
575	-148.0	-8.20524204137e-16	0.0219168849289	-46.7328821533	82205
576	-170.0	-8.20524204137e-16	0.0250508133322	-48.1955920946	82375
577	-95.0	-8.20524204137e-16	0.0711370334029	-36.5949544831	82470
578	-99.0	-8.20524204137e-16	0.0495664216578	-37.658277933	82569
579	-90.0	-8.20524204137e-16	0.042527936399	-34.1090413703	82659
580	-175.0	-8.20524204137e-16	0.0253604818135	-49.3033962808	82834
581	-96.0	-8.20524204137e-16	0.0377841852605	-37.0941293115	82930
582	-97.0	-8.20524204137e-16	0.021643249318	-37.8575461034	83027
583	-87.0	-8.20524204137e-16	0.0403085947037	-33.8310069325	83114
584	-197.0	-8.20524204137e-16	0.0689321756363	-43.3887493972	83311
585	-178.0	-8.20524204137e-16	0.0122540649027	-52.741965393	83489
586	-167.0	-8.20524204137e-16	0.0823465958238	-48.9882368235	83656
587	-171.0	-8.20524204137e-16	0.066387116909	-51.4648117001	83827
588	-93.0	-8.20524204137e-16	0.0412489697337	-35.5873165233	83920
589	-152.0	-8.20524204137e-16	0.0384736247361	-48.0198515238	84072
590	-170.0	-8.20524204137e-16	0.0521943382919	-50.9641365486	84242
591	-144.0	-8.20524204137e-16	0.0414467640221	-44.9713272113	84386
592	-169.0	-8.20524204137e-16	0.0309689715505	-50.0521669744	84555
593	-174.0	-8.20524204137e-16	0.0099840676412	-51.6752208351	84729
594	-92.0	-8.20524204137e-16	0.0152264628559	-36.1258209659	84821
595	-200.0	-8.20524204137e-16	0.0119740357623	-59.82963027	85021
596	-140.0	-8.20524204137e-16	0.110447518528	-44.5719110093	85161
597	-142.0	-8.20524204137e-16	0.0499264970422	-44.5763989624	85303
598	-186.0	-8.20524204137e-16	0.0922873914242	-51.7719951945	85489
599	-174.0	-8.20524204137e-16	0.0203552879393	-50.5286915556	85663
600	-171.0	-8.20524204137e-16	0.0190729498863	-48.3071062251	85834
601	-86.0	-8.20524204137e-16	0.0251097399741	-33.0294891021	85920
602	-140.0	-8.20524204137e-16	0.0682947188616	-43.2665060418	86060
603	-107.0	-8.20524204137e-16	0.0584286563098	-42.1592016755	86167
604	-88.0	-8.20524204137e-16	0.035309497267	-33.5825923695	86255
605	-88.0	-8.20524204137e-16	0.0491519421339	-33.7677272667	86343
606	-95.0	-8.20524204137e-16	0.0389097072184	-36.630542267	86438
607	-200.0	-8.20524204137e-16	0.0298517327756	-46.5663024664	86638
608	-171.0	-8.20524204137e-16	0.0287105944008	-51.9475705484	86809
609	-176.0	-8.20524204137e-16	0.0266113132238	-50.9725045399	86985
610	-97.0	-8.20524204137e-16	0.0477960109711	-39.0580913431	87082
611	-170.0	-8.20524204137e-16	0.0270113367587	-51.9745002897	87252
612	-170.0	-8.20524204137e-16	0.0294712036848	-49.9256290448	87422
613	-146.0	-8.20524204137e-16	0.0492761209607	-46.1959000039	87568
614	-145.0	-8.20524204137e-16	0.0120710758492	-47.6540630974	87713
615	-166.0	-8.20524204137e-16	0.0123132057488	-51.3922530499	87879
616	-94.0	-8.20524204137e-16	0.0376189351082	-37.3280173768	87973
617	-117.0	-8.20524204137e-16	0.0256335977465	-45.1995976297	88090
618	-87.0	-8.20524204137e-16	0.0366418026388	-34.1088198314	88177
619	-169.0	-8.20524204137e-16	0.0570212863386	-49.9268103595	88346
620	-175.0	-8.20524204137e-16	0.0619026683271	-51.804026276	88521
621	-171.0	-8.20524204137e-16	0.0723053142428	-48.7271155788	88692
622	-86.0	-8.20524204137e-16	0.0646113604307	-32.7028149838	88778
623	-89.0	-8.20524204137e-16	0.0196515023708	-33.8758567612	88867
624	-150.0	-8.20524204137e-16	0.017010608688	-47.0832678845	89017
625	-175.0	-8.20524204137e-16	0.0241102967411	-51.7601282563	89192
626	-143.0	-8.20524204137e-16	0.0220112968236	-44.9137962148	89335
627	-142.0	-8.20524204137e-16	0.0252864100039	-45.4622258158	89477
628	-145.0	-8.20524204137e-16	0.0193168111145	-48.1906402514	89622
629	-158.0	-8.20524204137e-16	0.0269711147994	-51.8544189402	89780
630	-200.0	-8.20524204137e-16	0.0114919701591	-79.810753479	89980
631	-200.0	-8.20524204137e-16	0.0594253093004	-68.5489749718	90180
632	-90.0	-8.20524204137e-16	0.0199581757188	-33.8584590197	90270
633	-96.0	-8.20524204137e-16	0.0271192640066	-37.9290086441	90366
634	-105.0	-8.20524204137e-16	0.0872330591083	-42.1628546476	90471
635	-150.0	-8.20524204137e-16	0.0392103046179	-47.7376277622	90621
636	-155.0	-8.20524204137e-16	0.012552944012	-48.7808136986	90776
637	-116.0	-8.20524204137e-16	0.0212786812335	-42.6009003417	90892
638	-92.0	-8.20524204137e-16	0.0149081088603	-36.4356145859	90984
639	-85.0	-8.20524204137e-16	0.0393187440932	-33.390612375	91069
640	-102.0	-8.20524204137e-16	0.023602610454	-39.2065116027	91171
641	-200.0	-8.20524204137e-16	0.033668268472	-46.6785073566	91371
642	-200.0	-8.20524204137e-16	0.0317568555474	-47.8397055006	91571
643	-102.0	-8.20524204137e-16	0.220641225576	-38.662105551	91673
644	-169.0	-8.20524204137e-16	0.0328095816076	-49.8753689292	91842
645	-173.0	-8.20524204137e-16	0.0371375977993	-50.2212675582	92015
646	-147.0	-8.20524204137e-16	0.0686958134174	-42.8267984252	92162
647	-176.0	-8.20524204137e-16	0.0121472999454	-50.8650297705	92338
648	-88.0	-8.20524204137e-16	0.0282213743776	-33.2380916178	92426
649	-90.0	-8.20524204137e-16	0.0167523678392	-34.3421368599	92516
650	-104.0	-8.20524204137e-16	0.0154152428731	-39.9983294515	92620
651	-116.0	-8.20524204137e-16	0.0199531894177	-42.9908030403	92736
652	-152.0	-8.20524204137e-16	0.0125441271812	-46.3294500811	92888
653	-90.0	-8.20524204137e-16	0.0184064414352	-33.8788869858	92978
654	-151.0	-8.20524204137e-16	0.0364927202463	-47.5195343723	93129
655	-176.0	-8.20524204137e-16	0.0259988252074	-51.9356028587	93305
656	-110.0	-8.20524204137e-16	0.0242833066732	-41.3753705328	93415
657	-91.0	-8.20524204137e-16	0.0293988958001	-35.3143920243	93506
658	-147.0	-8.20524204137e-16	0.022046815604	-48.3307978409	93653
659	-154.0	-8.20524204137e-16	0.00749372970313	-49.4849235516	93807
660	-104.0	-8.20524204137e-16	0.0330169759691	-38.5555871977	93911
661	-176.0	-8.20524204137e-16	0.0244298074394	-50.6803810502	94087
662	-175.0	-8.20524204137e-16	0.0142546938732	-49.4909305102	94262
663	-90.0	-8.20524204137e-16	0.0413320064545	-33.5733037882	94352
664	-200.0	-8.20524204137e-16	0.079360306263	-75.4156595612	94552
665	-146.0	-8.20524204137e-16	0.0662462562323	-47.5266248155	94698
666	-172.0	-8.20524204137e-16	0.0270711462945	-50.0445238241	94870
667	-200.0	-8.20524204137e-16	0.0440763011575	-53.8667855549	95070
668	-144.0	-8.20524204137e-16	0.0895982012153	-46.0306235519	95214
669	-166.0	-8.20524204137e-16	0.0309168379754	-51.8936055145	95380
670	-165.0	-8.20524204137e-16	0.0863582640886	-51.9093884779	95545
671	-96.0	-8.20524204137e-16	0.0426542907953	-38.8437992806	95641
672	-171.0	-8.20524204137e-16	0.0386834442616	-51.2524428554	95812
673	-91.0	-8.20524204137e-16	0.0526027493179	-36.2483670201	95903
674	-177.0	-8.20524204137e-16	0.0166912246495	-51.5734171999	96080
675	-102.0	-8.20524204137e-16	0.0246111750603	-41.1269158873	96182
676	-89.0	-8.20524204137e-16	0.110754750669	-34.4771074016	96271
677	-146.0	-8.20524204137e-16	0.052987806499	-47.0306191967	96417
678	-180.0	-8.20524204137e-16	0.0210154540837	-53.3520229816	96597
679	-183.0	-8.20524204137e-16	0.0156630277634	-52.2612399208	96780
680	-86.0	-8.20524204137e-16	0.0122818648815	-32.94459841	96866
681	-200.0	-8.20524204137e-16	0.0320698656142	-51.496356144	97066
682	-145.0	-8.20524204137e-16	0.0574910491705	-47.7233274098	97211
683	-170.0	-8.20524204137e-16	0.0565274618566	-48.2014593493	97381
684	-96.0	-8.20524204137e-16	0.0191799160093	-36.3732979024	97477
685	-109.0	-8.20524204137e-16	0.0885391458869	-45.5210913693	97586
686	-172.0	-8.20524204137e-16	0.042931523174	-50.3512524685	97758
687	-171.0	-8.20524204137e-16	0.0533570237458	-48.2615469117	97929
688	-173.0	-8.20524204137e-16	0.0321714952588	-51.9016795517	98102
689	-157.0	-8.20524204137e-16	0.0293275266886	-44.6796465406	98259
690	-87.0	-8.20524204137e-16	0.0938208252192	-33.5545184407	98346
691	-98.0	-8.20524204137e-16	0.026833197102	-38.4170126678	98444
692	-89.0	-8.20524204137e-16	0.0435794405639	-34.6184233822	98533
693	-88.0	-8.20524204137e-16	0.0271823406219	-33.6968054135	98621
694	-172.0	-8.20524204137e-16	0.0804352238774	-52.9722722845	98793
695	-96.0	-8.20524204137e-16	0.122938282788	-37.8623171151	98889
696	-177.0	-8.20524204137e-16	0.0266307257116	-52.9284616779	99066
697	-140.0	-8.20524204137e-16	0.0461872592568	-43.6433271408	99206
698	-91.0	-8.20524204137e-16	0.0185406543314	-34.6543264284	99297
699	-144.0	-8.20524204137e-16	0.0442225635052	-43.7012372749	99441
700	-144.0	-8.20524204137e-16	0.0146109871566	-47.618880745	99585
701	-86.0	-8.20524204137e-16	0.0174957644194	-33.2602026573	99671
702	-176.0	-8.20524204137e-16	0.0307921152562	-51.4272002049	99847
703	-86.0	-8.20524204137e-16	0.0264601893723	-33.4575918248	99933
704	-163.0	-8.20524204137e-16	0.0222777668387	-50.7751846997	100096
705	-170.0	-8.20524204137e-16	0.0256378445774	-51.0283563572	100266
706	-170.0	-8.20524204137e-16	0.0153699163347	-51.0285919351	100436
707	-163.0	-8.20524204137e-16	0.00829818844795	-50.8775016567	100599
708	-89.0	-8.20524204137e-16	0.0110133774579	-34.3868343013	100688
709	-175.0	-8.20524204137e-16	0.00773635553196	-51.5238497478	100863
710	-93.0	-8.20524204137e-16	0.0143145881593	-35.9658163004	100956
711	-111.0	-8.20524204137e-16	0.0418407060206	-41.0357473799	101067
712	-174.0	-8.20524204137e-16	0.0192744508386	-52.4134418992	101241
713	-170.0	-8.20524204137e-16	0.0294264927506	-52.166907856	101411
714	-167.0	-8.20524204137e-16	0.0439546778798	-51.8614961116	101578
715	-90.0	-8.20524204137e-16	0.0144044030458	-34.4333055337	101668
716	-100.0	-8.20524204137e-16	0.0323089174926	-38.0058065045	101768
717	-148.0	-8.20524204137e-16	0.0195650141686	-48.3453157439	101916
718	-106.0	-8.20524204137e-16	0.0193993654102	-39.5288749169	102022
719	-93.0	-8.20524204137e-16	0.0131288459525	-34.799969063	102115
720	-170.0	-8.20524204137e-16	0.0296177864075	-50.2444337847	102285
721	-141.0	-8.20524204137e-16	0.017598638311	-43.8669342471	102426
722	-145.0	-8.20524204137e-16	0.204387187958	-45.3544613524	102571
723	-92.0	-8.20524204137e-16	0.045554459095	-33.6078369605	102663
724	-177.0	-8.20524204137e-16	0.0359097085893	-48.3952792849	102840
725	-107.0	-8.20524204137e-16	0.0554470196366	-37.236812703	102947
726	-105.0	-8.20524204137e-16	0.0556281283498	-37.1036127522	103052
727	-157.0	-8.20524204137e-16	0.0205016322434	-42.6350798331	103209
728	-168.0	-8.20524204137e-16	0.0314712300897	-49.6086767529	103377
729	-102.0	-8.20524204137e-16	0.0285244975239	-36.6031159501	103479
730	-174.0	-8.20524204137e-16	0.0356256775558	-50.1382310829	103653
731	-146.0	-8.20524204137e-16	0.0316324941814	-46.693003323	103799
732	-173.0	-8.20524204137e-16	0.0239359010011	-50.1779915706	103972
733	-120.0	-8.20524204137e-16	0.111436359584	-41.7827854236	104092
734	-101.0	-8.20524204137e-16	0.162376537919	-39.198008424	104193
735	-110.0	-8.20524204137e-16	0.0396942906082	-41.4376622503	104303
736	-200.0	-8.20524204137e-16	0.0633980333805	-48.947076149	104503
737	-86.0	-8.20524204137e-16	0.106764145195	-32.4913766772	104589
738	-180.0	-8.20524204137e-16	0.0208111293614	-50.5208233151	104769
739	-166.0	-8.20524204137e-16	0.0312289912254	-47.5805911903	104935
740	-89.0	-8.20524204137e-16	0.0218077339232	-35.1645964973	105024
741	-91.0	-8.20524204137e-16	0.0706099048257	-35.7104712476	105115
742	-144.0	-8.20524204137e-16	0.0180612783879	-48.413394673	105259
743	-96.0	-8.20524204137e-16	0.0323826894164	-38.2886411175	105355
744	-145.0	-8.20524204137e-16	0.0209191031754	-47.2685701304	105500
745	-86.0	-8.20524204137e-16	0.0193766131997	-32.9867640872	105586
746	-145.0	-8.20524204137e-16	0.0142429824919	-47.9364934116	105731
747	-121.0	-8.20524204137e-16	0.0171779002994	-44.9246595832	105852
748	-177.0	-8.20524204137e-16	0.0290951766074	-51.3586320567	106029
749	-88.0	-8.20524204137e-16	0.0117024211213	-33.2185089453	106117
750	-144.0	-8.20524204137e-16	0.0367092788219	-46.7314831598	106261
751	-180.0	-8.20524204137e-16	0.0261577032506	-50.5850174043	106441
752	-92.0	-8.20524204137e-16	0.0264685116708	-34.946541619	106533
753	-152.0	-8.20524204137e-16	0.0205953978002	-45.7959116145	106685
754	-91.0	-8.20524204137e-16	0.0194554198533	-34.5070577388	106776
755	-180.0	-8.20524204137e-16	0.0110884951428	-50.4675360759	106956
756	-93.0	-8.20524204137e-16	0.0219432264566	-36.6356431284	107049
757	-86.0	-8.20524204137e-16	0.0686787217855	-33.6155537963	107135
758	-98.0	-8.20524204137e-16	0.0241757202893	-37.4533245028	107233
759	-143.0	-8.20524204137e-16	0.0212334673852	-47.8701737661	107376
760	-142.0	-8.20524204137e-16	0.0326013937593	-46.7988593473	107518
761	-167.0	-8.20524204137e-16	0.0145411472768	-51.6239131511	107685
762	-177.0	-8.20524204137e-16	0.0135566424578	-51.1600024774	107862
763	-89.0	-8.20524204137e-16	0.0487985126674	-34.3842245434	107951
764	-112.0	-8.20524204137e-16	0.0607077516615	-41.3386574984	108063
765	-169.0	-8.20524204137e-16	0.0141663802788	-51.2709678182	108232
766	-170.0	-8.20524204137e-16	0.0118697369471	-51.2246570131	108402
767	-185.0	-8.20524204137e-16	0.242274671793	-47.6986866532	108587
768	-90.0	-8.20524204137e-16	0.0262694694102	-33.3086381276	108677
769	-174.0	-8.20524204137e-16	0.025195972994	-48.4542298409	108851
770	-121.0	-8.20524204137e-16	0.0184110030532	-38.2852755706	108972
771	-167.0	-8.20524204137e-16	0.0373652540147	-44.3979636209	109139
772	-147.0	-8.20524204137e-16	0.0434483513236	-44.5154425173	109286
773	-181.0	-8.20524204137e-16	0.0427705049515	-51.2527832089	109467
774	-200.0	-8.20524204137e-16	0.0638931542635	-43.5533609688	109667
775	-94.0	-8.20524204137e-16	0.0398938581347	-34.7239076343	109761
776	-145.0	-8.20524204137e-16	0.121286712587	-46.6961422542	109906
777	-150.0	-8.20524204137e-16	0.0261086355895	-46.3399716584	110056
778	-88.0	-8.20524204137e-16	0.0297039039433	-32.717380712	110144
779	-96.0	-8.20524204137e-16	0.0259374640882	-35.669294248	110240
780	-173.0	-8.20524204137e-16	0.0466607660055	-50.3328554861	110413
781	-88.0	-8.20524204137e-16	0.08122908324	-34.2776974277	110501
782	-168.0	-8.20524204137e-16	0.0166796389967	-51.8631212043	110669
783	-143.0	-8.20524204137e-16	0.016872825101	-47.5163155286	110812
784	-143.0	-8.20524204137e-16	0.0188725274056	-47.6320585929	110955
785	-86.0	-8.20524204137e-16	0.0107354307547	-33.6632026184	111041
786	-143.0	-8.20524204137e-16	0.0178873483092	-47.550683375	111184
787	-146.0	-8.20524204137e-16	0.00956164952368	-45.8905582959	111330
788	-142.0	-8.20524204137e-16	0.0189939327538	-47.4619299039	111472
789	-95.0	-8.20524204137e-16	0.0132249779999	-36.4446995058	111567
790	-102.0	-8.20524204137e-16	0.0569349601865	-38.7949737287	111669
791	-102.0	-8.20524204137e-16	0.017021022737	-38.419355244	111771
792	-110.0	-8.20524204137e-16	0.0508119352162	-38.7891031027	111881
793	-130.0	-8.20524204137e-16	0.112869672477	-39.9158160246	112011
794	-144.0	-8.20524204137e-16	0.0623594671488	-49.5805853216	112155
795	-169.0	-8.20524204137e-16	0.0431019030511	-43.1511139528	112324
796	-90.0	-8.20524204137e-16	0.026899445802	-34.9572727468	112414
797	-88.0	-8.20524204137e-16	0.0628195255995	-33.5654283247	112502
798	-167.0	-8.20524204137e-16	0.0864283517003	-50.9817765459	112669
799	-155.0	-8.20524204137e-16	0.0360534340143	-47.3240252493	112824
800	-148.0	-8.20524204137e-16	0.0191428139806	-46.0775975428	112972
801	-100.0	-8.20524204137e-16	0.107520028949	-38.138430686	113072
802	-161.0	-8.20524204137e-16	0.0180144235492	-50.0342462477	113233
803	-86.0	-8.20524204137e-16	0.022383460775	-32.9337371366	113319
804	-164.0	-8.20524204137e-16	0.0172972679138	-50.1540153521	113483
805	-145.0	-8.20524204137e-16	0.0135947801173	-47.9364677972	113628
806	-170.0	-8.20524204137e-16	0.0352026075125	-49.6524187397	113798
807	-166.0	-8.20524204137e-16	0.0217887535691	-49.9939981785	113964
808	-150.0	-8.20524204137e-16	0.0115138925612	-46.2756374097	114114
809	-145.0	-8.20524204137e-16	0.00996776297688	-47.6791822697	114259
810	-171.0	-8.20524204137e-16	0.0220315735787	-49.5043127265	114430
811	-92.0	-8.20524204137e-16	0.121273383498	-34.4111033263	114522
812	-97.0	-8.20524204137e-16	0.0319517627358	-36.2137390461	114619
813	-143.0	-8.20524204137e-16	0.0164501164109	-46.4158767474	114762
814	-143.0	-8.20524204137e-16	0.0299523286521	-47.7360080556	114905
815	-170.0	-8.20524204137e-16	0.0199552942067	-51.0218308477	115075
816	-89.0	-8.20524204137e-16	0.0202006865293	-33.5832117059	115164
817	-148.0	-8.20524204137e-16	0.0208433754742	-47.2180518363	115312
818	-100.0	-8.20524204137e-16	0.0488648042083	-38.8874559689	115412
819	-91.0	-8.20524204137e-16	0.0328177586198	-35.4783954751	115503
820	-176.0	-8.20524204137e-16	0.0720871463418	-48.0537131967	115679
821	-96.0	-8.20524204137e-16	0.0332983881235	-37.6454476913	115775
822	-175.0	-8.20524204137e-16	0.0185097623616	-52.6938267858	115950
823	-151.0	-8.20524204137e-16	0.129818961024	-49.4301390206	116101
824	-83.0	-8.20524204137e-16	0.0480592623353	-33.4116787989	116184
825	-169.0	-8.20524204137e-16	0.0140807600692	-53.2779550129	116353
826	-156.0	-8.20524204137e-16	0.0124020539224	-48.4169108791	116509
827	-87.0	-8.20524204137e-16	0.0365792736411	-33.9023679639	116596
828	-91.0	-8.20524204137e-16	0.00879407208413	-35.1811310701	116687
829	-179.0	-8.20524204137e-16	0.0131888203323	-52.5482306973	116866
830	-135.0	-8.20524204137e-16	0.0578068718314	-48.79392063	117001
831	-134.0	-8.20524204137e-16	0.0182941760868	-48.4547108358	117135
832	-167.0	-8.20524204137e-16	0.0600203275681	-51.729085122	117302
833	-148.0	-8.20524204137e-16	0.0162580385804	-46.3186856174	117450
834	-150.0	-8.20524204137e-16	0.00560907972977	-46.7589875102	117600
835	-142.0	-8.20524204137e-16	0.00948655884713	-46.7771950878	117742
836	-178.0	-8.20524204137e-16	0.0157828256488	-51.2257068284	117920
837	-92.0	-8.20524204137e-16	0.00907245371491	-35.0791210986	118012
838	-84.0	-8.20524204137e-16	0.0106270983815	-33.1760333223	118096
839	-87.0	-8.20524204137e-16	0.015235748142	-33.4720118745	118183
840	-101.0	-8.20524204137e-16	0.0169148314744	-38.1310234849	118284
841	-89.0	-8.20524204137e-16	0.0205395054072	-34.430208249	118373
842	-90.0	-8.20524204137e-16	0.0133429681882	-34.6208793349	118463
843	-142.0	-8.20524204137e-16	0.0122360661626	-47.724140587	118605
844	-144.0	-8.20524204137e-16	0.0117709739134	-47.6784307857	118749
845	-142.0	-8.20524204137e-16	0.0087454020977	-46.7329013516	118891
846	-142.0	-8.20524204137e-16	0.01470568683	-47.194925474	119033
847	-84.0	-8.20524204137e-16	0.00860453769565	-32.3734736982	119117
848	-154.0	-8.20524204137e-16	0.02411945723	-44.8111977446	119271
849	-184.0	-8.20524204137e-16	0.111076951027	-41.9196684341	119455
850	-90.0	-8.20524204137e-16	0.0436976514757	-34.2975999051	119545
851	-182.0	-8.20524204137e-16	0.341889798641	-48.3625576838	119727
852	-96.0	-8.20524204137e-16	0.0514530278742	-37.5926729714	119823
853	-141.0	-8.20524204137e-16	0.0541061721742	-45.748240826	119964
854	-155.0	-8.20524204137e-16	0.0777698755264	-44.5110032974	120119
855	-143.0	-8.20524204137e-16	0.0182173307985	-46.8594673355	120262
856	-167.0	-8.20524204137e-16	0.0182357132435	-51.6255779152	120429
857	-87.0	-8.20524204137e-16	0.0231186002493	-33.7361549029	120516
858	-121.0	-8.20524204137e-16	0.031141942367	-45.2625085106	120637
859	-108.0	-8.20524204137e-16	0.0237649716437	-43.4999616654	120745
860	-160.0	-8.20524204137e-16	0.0129029918462	-50.9140011743	120905
861	-143.0	-8.20524204137e-16	0.0118939196691	-46.4179913214	121048
862	-99.0	-8.20524204137e-16	0.00855885632336	-40.8682278768	121147
863	-146.0	-8.20524204137e-16	0.0429965704679	-49.9528244603	121293
864	-136.0	-8.20524204137e-16	0.0102947987616	-49.3885207685	121429
865	-144.0	-8.20524204137e-16	0.0103153046221	-49.6143250846	121573
866	-143.0	-8.20524204137e-16	0.0197680704296	-47.1980796502	121716
867	-147.0	-8.20524204137e-16	0.0155890015885	-50.2598498362	121863
868	-164.0	-8.20524204137e-16	0.0158911775798	-51.5820974998	122027
869	-155.0	-8.20524204137e-16	0.0323353260756	-48.0741719149	122182
870	-168.0	-8.20524204137e-16	0.054427113384	-42.7025062557	122350
871	-91.0	-8.20524204137e-16	0.0308082774282	-34.5856290099	122441
872	-144.0	-8.20524204137e-16	0.0351221375167	-48.6124192658	122585
873	-154.0	-8.20524204137e-16	0.0375232324004	-48.3418766051	122739
874	-100.0	-8.20524204137e-16	0.0165017228574	-40.0034039593	122839
875	-159.0	-8.20524204137e-16	0.11920376122	-52.0793161955	122998
876	-158.0	-8.20524204137e-16	0.0210660044104	-52.017265132	123156
877	-87.0	-8.20524204137e-16	0.0198491550982	-34.7327683547	123243
878	-97.0	-8.20524204137e-16	0.0150754535571	-38.9926067738	123340
879	-172.0	-8.20524204137e-16	0.0172381233424	-51.197772349	123512
880	-142.0	-8.20524204137e-16	0.023609817028	-46.7477596448	123654
881	-189.0	-8.20524204137e-16	0.0204299483448	-43.3813952397	123843
882	-141.0	-8.20524204137e-16	0.022980587557	-46.6883098546	123984
883	-88.0	-8.20524204137e-16	0.057731565088	-32.759817859	124072
884	-104.0	-8.20524204137e-16	0.0317762941122	-39.2309569327	124176
885	-147.0	-8.20524204137e-16	0.0443372577429	-43.8339545459	124323
886	-86.0	-8.20524204137e-16	0.0340439714491	-32.8543860566	124409
887	-148.0	-8.20524204137e-16	0.0449914522469	-44.583956973	124557
888	-146.0	-8.20524204137e-16	0.0533937700093	-45.665475682	124703
889	-142.0	-8.20524204137e-16	0.01756173186	-46.3638772528	124845
890	-137.0	-8.20524204137e-16	0.0397823154926	-47.8875751008	124982
891	-105.0	-8.20524204137e-16	0.0353847518563	-42.5140649387	125087
892	-91.0	-8.20524204137e-16	0.0182801671326	-35.6676515275	125178
893	-186.0	-8.20524204137e-16	0.0175778996199	-52.5851509456	125364
894	-83.0	-8.20524204137e-16	0.0233051925898	-33.0026324241	125447
895	-90.0	-8.20524204137e-16	0.0194265563041	-34.6232716944	125537
896	-106.0	-8.20524204137e-16	0.0155974226072	-39.2301729636	125643
897	-184.0	-8.20524204137e-16	0.107078008354	-49.721377934	125827
898	-94.0	-8.20524204137e-16	0.0345084667206	-35.8055568819	125921
899	-178.0	-8.20524204137e-16	0.0606678500772	-53.1517870142	126099
900	-90.0	-8.20524204137e-16	0.0261989422143	-35.1380308191	126189
901	-93.0	-8.20524204137e-16	0.0218564514071	-36.8621253121	126282
902	-98.0	-8.20524204137e-16	0.0266014784575	-38.0773951156	126380
903	-175.0	-8.20524204137e-16	0.019731560722	-52.3760613353	126555
904	-99.0	-8.20524204137e-16	0.0141190532595	-37.9724658318	126654
905	-175.0	-8.20524204137e-16	0.0168176759034	-52.728967088	126829
906	-87.0	-8.20524204137e-16	0.0104042747989	-33.4846582659	126916
907	-152.0	-8.20524204137e-16	0.0187085680664	-45.52783377	127068
908	-144.0	-8.20524204137e-16	0.169356241822	-48.1961319562	127212
909	-102.0	-8.20524204137e-16	0.0221588611603	-39.0391829154	127314
910	-153.0	-8.20524204137e-16	0.0272032935172	-47.3043589075	127467
911	-152.0	-8.20524204137e-16	0.0392543636262	-47.3165820186	127619
912	-173.0	-8.20524204137e-16	0.0171037316322	-50.8096472311	127792
913	-88.0	-8.20524204137e-16	0.0259300973266	-34.022958108	127880
914	-91.0	-8.20524204137e-16	0.025967117399	-34.4352976883	127971
915	-148.0	-8.20524204137e-16	0.0629812479019	-45.1631569154	128119
916	-155.0	-8.20524204137e-16	0.0401312336326	-49.1749360131	128274
917	-102.0	-8.20524204137e-16	0.0362376198173	-38.7062372928	128376
918	-83.0	-8.20524204137e-16	0.0350438654423	-32.424500948	128459
919	-142.0	-8.20524204137e-16	0.019627276808	-46.7048641997	128601
920	-144.0	-8.20524204137e-16	0.0518437996507	-45.370469161	128745
921	-147.0	-8.20524204137e-16	0.0594981946051	-48.0507827892	128892
922	-98.0	-8.20524204137e-16	0.0296069718897	-36.5787133246	128990
923	-200.0	-8.20524204137e-16	0.0730655118823	-49.8959012318	129190
924	-134.0	-8.20524204137e-16	0.100266106427	-47.2672148391	129324
925	-134.0	-8.20524204137e-16	0.120511412621	-48.3957292535	129458
926	-96.0	-8.20524204137e-16	0.150004029274	-37.6896052907	129554
927	-184.0	-8.20524204137e-16	0.0271320398897	-50.2071746175	129738
928	-146.0	-8.20524204137e-16	0.0356081202626	-44.4296050423	129884
929	-91.0	-8.20524204137e-16	0.030682630837	-35.5374808521	129975
930	-95.0	-8.20524204137e-16	0.0913431197405	-35.7929604154	130070
931	-144.0	-8.20524204137e-16	0.0215273499489	-43.4885941218	130214
932	-200.0	-8.20524204137e-16	0.0285281725228	-60.2132243443	130414
933	-178.0	-8.20524204137e-16	0.019682250917	-49.6626337264	130592
934	-168.0	-8.20524204137e-16	0.0139604173601	-50.6768967978	130760
935	-85.0	-8.20524204137e-16	0.0322406329215	-32.5858440343	130845
936	-150.0	-8.20524204137e-16	0.0335759855807	-44.1864338506	130995
937	-93.0	-8.20524204137e-16	0.018253646791	-35.6127417831	131088
938	-146.0	-8.20524204137e-16	0.0344934761524	-48.3853080632	131234
939	-86.0	-8.20524204137e-16	0.0262938030064	-32.9678209743	131320
940	-141.0	-8.20524204137e-16	0.0252481456846	-47.0190931297	131461
941	-85.0	-8.20524204137e-16	0.0142265576869	-32.4908178014	131546
942	-142.0	-8.20524204137e-16	0.0163486320525	-46.9179194637	131688
943	-169.0	-8.20524204137e-16	0.0165359731764	-50.9150900544	131857
944	-109.0	-8.20524204137e-16	0.0478493906558	-43.8593143279	131966
945	-143.0	-8.20524204137e-16	0.019505398348	-47.8615989602	132109
946	-144.0	-8.20524204137e-16	0.0117527712137	-48.7365266515	132253
947	-86.0	-8.20524204137e-16	0.0209127962589	-34.0406656459	132339
948	-100.0	-8.20524204137e-16	0.0142336208373	-39.6979920673	132439
949	-90.0	-8.20524204137e-16	0.0170140862465	-35.1386355612	132529
950	-86.0	-8.20524204137e-16	0.0124261416495	-33.0812157115	132615
951	-89.0	-8.20524204137e-16	0.00660410383716	-33.5037466167	132704
952	-175.0	-8.20524204137e-16	0.0715691968799	-50.048046103	132879
953	-143.0	-8.20524204137e-16	0.0238193012774	-46.0732864817	133022
954	-133.0	-8.20524204137e-16	0.0129316616803	-43.7514576141	133155
955	-133.0	-8.20524204137e-16	0.0776185840368	-44.7144815438	133288
956	-85.0	-8.20524204137e-16	0.0355922393501	-32.0316034878	133373
957	-135.0	-8.20524204137e-16	0.0165215339512	-43.2533684819	133508
958	-162.0	-8.20524204137e-16	0.00959296710789	-48.6276776165	133670
959	-87.0	-8.20524204137e-16	0.0148690193892	-32.3679511191	133757
960	-112.0	-8.20524204137e-16	0.0297344084829	-38.7430332239	133869
961	-134.0	-8.20524204137e-16	0.0258802864701	-43.9612832852	134003
962	-133.0	-8.20524204137e-16	0.0806125923991	-43.950082722	134136
963	-157.0	-8.20524204137e-16	0.0187472533435	-45.7532963392	134293
964	-156.0	-8.20524204137e-16	0.0142739359289	-45.2505643887	134449
965	-146.0	-8.20524204137e-16	0.0191102083772	-45.0683375997	134595
966	-149.0	-8.20524204137e-16	0.0254986993968	-43.8919807372	134744
967	-85.0	-8.20524204137e-16	0.187488123775	-32.4843231853	134829
968	-200.0	-8.20524204137e-16	0.0191302075982	-47.3986291361	135029
969	-86.0	-8.20524204137e-16	0.0483817979693	-33.2902167675	135115
970	-155.0	-8.20524204137e-16	0.0240829419345	-47.9683688502	135270
971	-133.0	-8.20524204137e-16	0.322354018688	-47.7253410511	135403
972	-162.0	-8.20524204137e-16	0.0728117972612	-51.5502035794	135565
973	-85.0	-8.20524204137e-16	0.0510582476854	-33.9367209098	135650
974	-145.0	-8.20524204137e-16	0.0432621240616	-49.3197260996	135795
975	-155.0	-8.20524204137e-16	0.0212744232267	-52.7313666544	135950
976	-162.0	-8.20524204137e-16	0.0326068662107	-51.2124097785	136112
977	-175.0	-8.20524204137e-16	0.067615903914	-50.5831411757	136287
978	-172.0	-8.20524204137e-16	0.0336492471397	-44.6882977227	136459
979	-141.0	-8.20524204137e-16	0.0474027842283	-46.8344374405	136600
980	-97.0	-8.20524204137e-16	0.0615132525563	-37.9993879795	136697
981	-97.0	-8.20524204137e-16	0.0715506821871	-38.1902076731	136794
982	-141.0	-8.20524204137e-16	0.0348476171494	-46.2961359049	136935
983	-168.0	-8.20524204137e-16	0.0233186371624	-51.3546597589	137103
984	-185.0	-8.20524204137e-16	0.0190330818295	-50.8228017656	137288
985	-106.0	-8.20524204137e-16	0.0238985065371	-42.0687821811	137394
986	-151.0	-8.20524204137e-16	0.0378620475531	-51.5226308289	137545
987	-144.0	-8.20524204137e-16	0.0169201381505	-48.2456692772	137689
988	-100.0	-8.20524204137e-16	0.0523273982108	-38.6243604553	137789
989	-141.0	-8.20524204137e-16	0.0354680269957	-47.0847130752	137930
990	-85.0	-8.20524204137e-16	0.0319551862776	-33.2690935065	138015
991	-141.0	-8.20524204137e-16	0.0661300420761	-47.8794285981	138156
992	-146.0	-8.20524204137e-16	0.0179553367198	-50.3058669681	138302
993	-167.0	-8.20524204137e-16	0.0199967548251	-49.126275558	138469
994	-200.0	-8.20524204137e-16	0.0403319187462	-50.6275591826	138669
995	-90.0	-8.20524204137e-16	0.0493491254747	-34.3386554692	138759
996	-154.0	-8.20524204137e-16	0.0172373112291	-47.4674831126	138913
997	-141.0	-8.20524204137e-16	0.129625186324	-46.9519497608	139054
998	-141.0	-8.20524204137e-16	0.0753043666482	-47.099272263	139195
999	-154.0	-8.20524204137e-16	0.0530985891819	-45.6038156045	139349
