0	-200.0	1	0	0.0	200
1	-200.0	1	0	0.0	400
2	-200.0	1	0	0.0	600
3	-200.0	1	0	0.0	800
4	-200.0	1	0	0.0	1000
5	-200.0	0.905	0.0109426025301	-0.299730216861	1200
6	-200.0	0.805	0.0379243455827	-2.38471096039	1400
7	-200.0	0.705	0.0983032360673	-4.10808766365	1600
8	-200.0	0.605	0.0473399981856	-6.87772384644	1800
9	-200.0	0.505	0.0480096824467	-13.3109243393	2000
10	-200.0	0.405	0.0708316266537	-18.6386371422	2200
11	-200.0	0.305	0.0343093313277	-26.2997278976	2400
12	-200.0	0.205	0.0176713187248	-30.4253934097	2600
13	-200.0	0.105	0.0481961593032	-38.2876295853	2800
14	-200.0	0.005	0.0295348260552	-49.6347513962	3000
15	-200.0	-8.20524204137e-16	0.0550602078438	-49.4547434902	3200
16	-200.0	-8.20524204137e-16	0.0276213046163	-49.3255488205	3400
17	-200.0	-8.20524204137e-16	0.0213790629059	-50.3919798279	3600
18	-200.0	-8.20524204137e-16	0.00766104320064	-53.9807933998	3800
19	-200.0	-8.20524204137e-16	0.0147376284003	-57.6256131363	4000
20	-200.0	-8.20524204137e-16	0.0060905222781	-60.1897499657	4200
21	-200.0	-8.20524204137e-16	0.00818901881576	-62.0389735603	4400
22	-200.0	-8.20524204137e-16	0.0174781233072	-61.8742582893	4600
23	-200.0	-8.20524204137e-16	0.00775711517781	-61.7743811989	4800
24	-200.0	-8.20524204137e-16	0.00663105025887	-63.951509304	5000
25	-200.0	-8.20524204137e-16	0.0447654575109	-67.0365241241	5200
26	-200.0	-8.20524204137e-16	0.01799322851	-69.7587079239	5400
27	-200.0	-8.20524204137e-16	0.0259786061943	-70.957405014	5600
28	-200.0	-8.20524204137e-16	0.0121272811666	-72.0353269958	5800
29	-200.0	-8.20524204137e-16	0.0110218795016	-73.758135376	6000
30	-200.0	-8.20524204137e-16	0.0074344095774	-76.9250646973	6200
31	-200.0	-8.20524204137e-16	0.0170862525702	-78.4649224472	6400
32	-200.0	-8.20524204137e-16	0.00535700330511	-79.4008880997	6600
33	-200.0	-8.20524204137e-16	0.0020898191724	-80.385910759	6800
34	-200.0	-8.20524204137e-16	0.00527318380773	-81.5174943924	7000
35	-200.0	-8.20524204137e-16	0.00119907851331	-82.6235032272	7200
36	-200.0	-8.20524204137e-16	0.00323863443919	-84.5376420593	7400
37	-200.0	-8.20524204137e-16	0.0194747056812	-85.4512524033	7600
38	-200.0	-8.20524204137e-16	0.0110960667953	-87.7051131439	7800
39	-200.0	-8.20524204137e-16	0.0130182076246	-88.7834497833	8000
40	-200.0	-8.20524204137e-16	0.00325024686754	-89.9770454407	8200
41	-200.0	-8.20524204137e-16	0.0031132507138	-89.6731755447	8400
42	-200.0	-8.20524204137e-16	0.00406612735242	-90.5745879745	8600
43	-200.0	-8.20524204137e-16	0.00163425283972	-91.076182251	8800
44	-200.0	-8.20524204137e-16	0.00982923526317	-91.643755188	9000
45	-200.0	-8.20524204137e-16	0.0044285831973	-91.7297700882	9200
46	-200.0	-8.20524204137e-16	0.0220145974308	-92.0932663345	9400
47	-200.0	-8.20524204137e-16	0.00405281968415	-93.4034487915	9600
48	-200.0	-8.20524204137e-16	0.00122358801309	-94.4389818192	9800
49	-200.0	-8.20524204137e-16	0.00452995160595	-94.3468651581	10000
50	-200.0	-8.20524204137e-16	0.102548889816	-94.3511458206	10200
51	-200.0	-8.20524204137e-16	0.00147590378765	-94.3404010773	10400
52	-200.0	-8.20524204137e-16	0.00122172827832	-94.272294426	10600
53	-200.0	-8.20524204137e-16	0.000455920497188	-94.699565773	10800
54	-200.0	-8.20524204137e-16	0.00592520274222	-94.6346918106	11000
55	-200.0	-8.20524204137e-16	0.000358154065907	-95.0241205215	11200
56	-200.0	-8.20524204137e-16	0.000429803185398	-95.3833462906	11400
57	-200.0	-8.20524204137e-16	0.0561029873788	-95.7367729568	11600
58	-200.0	-8.20524204137e-16	0.00098969344981	-95.4827212143	11800
59	-200.0	-8.20524204137e-16	0.000622027087957	-96.0149149323	12000
60	-200.0	-8.20524204137e-16	0.00822847802192	-95.8286033249	12200
61	-200.0	-8.20524204137e-16	0.000736577669159	-95.7600510406	12400
62	-200.0	-8.20524204137e-16	0.00137970643118	-95.8795293045	12600
63	-200.0	-8.20524204137e-16	0.00242755329236	-95.9279870987	12800
64	-200.0	-8.20524204137e-16	0.00302158505656	-95.911828537	13000
65	-200.0	-8.20524204137e-16	0.00130604475271	-96.3720629501	13200
66	-200.0	-8.20524204137e-16	0.00104111689143	-96.7323543549	13400
67	-200.0	-8.20524204137e-16	0.000674913520925	-96.4984049606	13600
68	-200.0	-8.20524204137e-16	0.00142121885438	-96.3646318436	13800
69	-200.0	-8.20524204137e-16	0.000559896754567	-96.5267636108	14000
70	-200.0	-8.20524204137e-16	0.0343092158437	-96.5459841919	14200
71	-200.0	-8.20524204137e-16	0.00162023562007	-96.7738124466	14400
72	-200.0	-8.20524204137e-16	0.00092949194368	-96.9106566238	14600
73	-200.0	-8.20524204137e-16	0.0128992917016	-96.9775266647	14800
74	-200.0	-8.20524204137e-16	0.000545404909644	-97.2229409409	15000
75	-200.0	-8.20524204137e-16	0.000301569700241	-97.4145894241	15200
76	-200.0	-8.20524204137e-16	0.00473706424236	-97.1367531204	15400
77	-200.0	-8.20524204137e-16	0.000155438261572	-97.5223622513	15600
78	-200.0	-8.20524204137e-16	0.000462058669655	-97.8489020157	15800
79	-200.0	-8.20524204137e-16	0.000710520602297	-98.219649353	16000
80	-200.0	-8.20524204137e-16	0.000587046786677	-98.4661152649	16200
81	-200.0	-8.20524204137e-16	0.000101688958239	-98.3653006744	16400
82	-200.0	-8.20524204137e-16	0.00398713629693	-98.2827275467	16600
83	-200.0	-8.20524204137e-16	0.00323689100333	-98.3590180969	16800
84	-200.0	-8.20524204137e-16	0.000144467136124	-98.2355465698	17000
85	-200.0	-8.20524204137e-16	0.00299927243032	-98.4451568985	17200
86	-200.0	-8.20524204137e-16	0.000965767889284	-98.3566475296	17400
87	-200.0	-8.20524204137e-16	0.000724018667825	-98.1589824295	17600
88	-200.0	-8.20524204137e-16	0.000756397843361	-98.1220501709	17800
89	-200.0	-8.20524204137e-16	0.00099955056794	-98.0661823273	18000
90	-200.0	-8.20524204137e-16	0.0121350586414	-98.0277503967	18200
91	-200.0	-8.20524204137e-16	0.000551472825464	-97.988310585	18400
92	-200.0	-8.20524204137e-16	0.00114758708514	-98.1877806473	18600
93	-200.0	-8.20524204137e-16	0.0154298190027	-98.3363097763	18800
94	-200.0	-8.20524204137e-16	0.00089242705144	-98.4666827774	19000
95	-200.0	-8.20524204137e-16	0.000939507503062	-98.1983036804	19200
96	-200.0	-8.20524204137e-16	0.000400174089009	-98.1938555908	19400
97	-200.0	-8.20524204137e-16	0.00147067848593	-97.9469177628	19600
98	-200.0	-8.20524204137e-16	0.0104333590716	-97.9798389435	19800
99	-200.0	-8.20524204137e-16	0.000570912146941	-97.9426255798	20000
100	-200.0	-8.20524204137e-16	0.000240617984673	-97.8709541321	20200
101	-200.0	-8.20524204137e-16	0.00143510813359	-97.6991368484	20400
102	-200.0	-8.20524204137e-16	0.000147550497786	-97.7523521423	20600
103	-200.0	-8.20524204137e-16	6.46722110105e-05	-97.6725878906	20800
104	-200.0	-8.20524204137e-16	0.00415318785235	-97.6256606674	21000
105	-200.0	-8.20524204137e-16	0.00118926935829	-97.147601738	21200
106	-200.0	-8.20524204137e-16	0.000582324806601	-97.1197691727	21400
107	-200.0	-8.20524204137e-16	0.000289747753413	-97.3825343704	21600
108	-200.0	-8.20524204137e-16	9.77338568191e-05	-97.6941130447	21800
109	-200.0	-8.20524204137e-16	0.000951950380113	-97.8862011337	22000
110	-200.0	-8.20524204137e-16	0.00706674577668	-98.004847908	22200
111	-200.0	-8.20524204137e-16	0.00136972393375	-98.472226181	22400
112	-200.0	-8.20524204137e-16	0.000897920050193	-98.3897085953	22600
113	-200.0	-8.20524204137e-16	0.000309300579829	-98.175028038	22800
114	-200.0	-8.20524204137e-16	0.0145556405187	-97.9409505844	23000
115	-200.0	-8.20524204137e-16	0.00135783175938	-98.1140883636	23200
116	-200.0	-8.20524204137e-16	7.69117687014e-05	-97.929769249	23400
117	-200.0	-8.20524204137e-16	0.07348202914	-97.9617866135	23600
118	-200.0	-8.20524204137e-16	0.0011307814857	-97.9007144165	23800
119	-200.0	-8.20524204137e-16	0.000166445373907	-97.4959489822	24000
120	-200.0	-8.20524204137e-16	0.00027500744909	-97.3983358002	24200
121	-200.0	-8.20524204137e-16	0.000631718314253	-97.2367259216	24400
122	-200.0	-8.20524204137e-16	0.00128409906756	-97.1190451813	24600
123	-200.0	-8.20524204137e-16	0.00270759314299	-97.1077144241	24800
124	-200.0	-8.20524204137e-16	0.000193232262973	-97.4946479797	25000
125	-200.0	-8.20524204137e-16	0.000358904246241	-97.4755418777	25200
126	-200.0	-8.20524204137e-16	0.000310350791551	-97.7712561798	25400
127	-200.0	-8.20524204137e-16	0.00384289911017	-97.7822431564	25600
128	-200.0	-8.20524204137e-16	0.000445115030743	-97.9614004135	25800
129	-200.0	-8.20524204137e-16	0.000206800439628	-98.3155683899	26000
130	-169.0	-8.20524204137e-16	0.00139678106643	-98.3991175544	26169
131	-200.0	-8.20524204137e-16	6.940533638	-95.7443589783	26369
132	-200.0	-8.20524204137e-16	0.0188350118697	-95.0625107956	26569
133	-200.0	-8.20524204137e-16	0.0382252559066	-94.2395239639	26769
134	-200.0	-8.20524204137e-16	0.0627576038241	-95.5806298828	26969
135	-124.0	-8.20524204137e-16	0.141045346856	-76.3374261008	27093
136	-127.0	-8.20524204137e-16	0.137850672007	-74.2028561033	27220
137	-198.0	-8.20524204137e-16	0.338356971741	-77.8919406997	27418
138	-125.0	-8.20524204137e-16	0.972021698952	-66.0638629661	27543
139	-169.0	-8.20524204137e-16	0.369250297546	-49.079423359	27712
140	-129.0	-8.20524204137e-16	0.165478393435	-54.434289393	27841
141	-158.0	-8.20524204137e-16	0.265193849802	-46.918475981	27999
142	-200.0	-8.20524204137e-16	0.194301739335	-66.7592279243	28199
143	-92.0	-8.20524204137e-16	0.227299928665	-50.8613561236	28291
144	-86.0	-8.20524204137e-16	0.147365435958	-47.8435711528	28377
145	-142.0	-8.20524204137e-16	0.256598621607	-45.874346085	28519
146	-200.0	-8.20524204137e-16	0.127024888992	-64.0472117043	28719
147	-142.0	-8.20524204137e-16	0.108283273876	-50.1401082395	28861
148	-147.0	-8.20524204137e-16	0.0732154473662	-41.5314258543	29008
149	-158.0	-8.20524204137e-16	0.120474562049	-35.755040321	29166
150	-123.0	-8.20524204137e-16	0.137865975499	-42.484658626	29289
151	-129.0	-8.20524204137e-16	0.140648886561	-42.0127577597	29418
152	-121.0	-8.20524204137e-16	0.081054918468	-40.3525243416	29539
153	-115.0	-8.20524204137e-16	0.0976693704724	-44.1590532427	29654
154	-151.0	-8.20524204137e-16	0.12387727201	-43.7410707529	29805
155	-93.0	-8.20524204137e-16	0.0590761452913	-38.5521735427	29898
156	-90.0	-8.20524204137e-16	0.0562088154256	-37.5959429211	29988
157	-171.0	-8.20524204137e-16	0.0622248277068	-39.0574621868	30159
158	-125.0	-8.20524204137e-16	0.0555792413652	-39.723322825	30284
159	-113.0	-8.20524204137e-16	0.0504918657243	-41.1617423317	30397
160	-111.0	-8.20524204137e-16	0.0682290047407	-41.2143120207	30508
161	-130.0	-8.20524204137e-16	0.0802247449756	-44.334644347	30638
162	-118.0	-8.20524204137e-16	0.0359263122082	-42.8017282244	30756
163	-153.0	-8.20524204137e-16	0.0676512122154	-38.5948386831	30909
164	-159.0	-8.20524204137e-16	0.110348254442	-39.1841535885	31068
165	-95.0	-8.20524204137e-16	0.142341241241	-37.8784725591	31163
166	-158.0	-8.20524204137e-16	0.0334686823189	-43.1853351936	31321
167	-153.0	-8.20524204137e-16	0.0293699111789	-38.7138820104	31474
168	-112.0	-8.20524204137e-16	0.0805853456259	-30.1877810274	31586
169	-146.0	-8.20524204137e-16	0.0575153790414	-43.1888064556	31732
170	-142.0	-8.20524204137e-16	0.0326255559921	-43.4551261193	31874
171	-84.0	-8.20524204137e-16	0.0519026964903	-38.2465949796	31958
172	-95.0	-8.20524204137e-16	0.0547201670706	-40.7577196623	32053
173	-89.0	-8.20524204137e-16	0.102575935423	-39.8189764398	32142
174	-200.0	-8.20524204137e-16	0.0829432457685	-71.3446569824	32342
175	-158.0	-8.20524204137e-16	0.056321170181	-42.6487354648	32500
176	-83.0	-8.20524204137e-16	0.126793816686	-37.231697071	32583
177	-148.0	-8.20524204137e-16	0.0581077970564	-48.9021696702	32731
178	-87.0	-8.20524204137e-16	0.0754265636206	-38.9174091131	32818
179	-94.0	-8.20524204137e-16	0.0754160135984	-41.1908803392	32912
180	-85.0	-8.20524204137e-16	0.0910125523806	-38.1430666082	32997
181	-146.0	-8.20524204137e-16	0.0400245524943	-47.0006914641	33143
182	-145.0	-8.20524204137e-16	0.0767772644758	-49.9200585661	33288
183	-162.0	-8.20524204137e-16	0.0712578818202	-41.8858203895	33450
184	-144.0	-8.20524204137e-16	0.0302202701569	-50.3256171975	33594
185	-85.0	-8.20524204137e-16	0.0297895334661	-37.4766723745	33679
186	-109.0	-8.20524204137e-16	0.072447553277	-43.728693949	33788
187	-86.0	-8.20524204137e-16	0.082665130496	-36.8046650471	33874
188	-108.0	-8.20524204137e-16	0.0497266091406	-42.2893948113	33982
189	-93.0	-8.20524204137e-16	0.0364073999226	-40.0430773612	34075
190	-107.0	-8.20524204137e-16	0.0349149219692	-41.0773526397	34182
191	-107.0	-8.20524204137e-16	0.046255223453	-40.5826337237	34289
192	-84.0	-8.20524204137e-16	0.0486630611122	-34.7888186971	34373
193	-106.0	-8.20524204137e-16	0.130193918943	-40.095114564	34479
194	-107.0	-8.20524204137e-16	0.0336968302727	-39.9137914306	34586
195	-84.0	-8.20524204137e-16	0.0743308961391	-34.6567896519	34670
196	-107.0	-8.20524204137e-16	0.0746347010136	-40.0763310038	34777
197	-105.0	-8.20524204137e-16	0.0176624301821	-39.2490307206	34882
198	-89.0	-8.20524204137e-16	0.0154826818034	-35.3677809332	34971
199	-107.0	-8.20524204137e-16	0.0151272583753	-39.4996429229	35078
200	-108.0	-8.20524204137e-16	0.0284764505923	-37.9338757374	35186
201	-106.0	-8.20524204137e-16	0.0108896112069	-38.859786524	35292
202	-100.0	-8.20524204137e-16	0.0171567723155	-37.2626756191	35392
203	-108.0	-8.20524204137e-16	0.012992080301	-39.1859626329	35500
204	-105.0	-8.20524204137e-16	0.0128272138536	-37.5107692446	35605
205	-106.0	-8.20524204137e-16	0.0772899538279	-38.9309156874	35711
206	-87.0	-8.20524204137e-16	0.0114592369646	-34.4467188243	35798
207	-165.0	-8.20524204137e-16	0.0219931993634	-38.4686671206	35963
208	-143.0	-8.20524204137e-16	0.0391737371683	-44.3199234972	36106
209	-103.0	-8.20524204137e-16	0.0294582080096	-38.7844877498	36209
210	-105.0	-8.20524204137e-16	0.0311482362449	-38.9599353166	36314
211	-152.0	-8.20524204137e-16	0.0315825864673	-40.8281523244	36466
212	-146.0	-8.20524204137e-16	0.0631178542972	-43.101793626	36612
213	-95.0	-8.20524204137e-16	0.0409947969019	-38.7440425371	36707
214	-90.0	-8.20524204137e-16	0.0380180627108	-37.4801264048	36797
215	-106.0	-8.20524204137e-16	0.0773116648197	-39.8477268984	36903
216	-110.0	-8.20524204137e-16	0.0421315766871	-40.4346433965	37013
217	-84.0	-8.20524204137e-16	0.0501254796982	-33.901067379	37097
218	-92.0	-8.20524204137e-16	0.122611351311	-36.3252578378	37189
219	-166.0	-8.20524204137e-16	0.0655663684011	-40.3790533521	37355
220	-109.0	-8.20524204137e-16	0.051425691694	-39.5516560362	37464
221	-107.0	-8.20524204137e-16	0.0205569565296	-39.7311196004	37571
222	-105.0	-8.20524204137e-16	0.0600237958133	-39.3153735342	37676
223	-106.0	-8.20524204137e-16	0.0291038993746	-39.5139965224	37782
224	-105.0	-8.20524204137e-16	0.0237530954182	-38.9899243718	37887
225	-99.0	-8.20524204137e-16	0.0976909399033	-40.0993650658	37986
226	-93.0	-8.20524204137e-16	0.0224569048733	-37.6284790129	38079
227	-102.0	-8.20524204137e-16	0.0295221619308	-41.0242889629	38181
228	-146.0	-8.20524204137e-16	0.0182710587978	-43.7888369497	38327
229	-84.0	-8.20524204137e-16	0.0245712455362	-33.5713249119	38411
230	-91.0	-8.20524204137e-16	0.0460547842085	-37.5092848814	38502
231	-172.0	-8.20524204137e-16	0.287537783384	-41.0021946688	38674
232	-105.0	-8.20524204137e-16	0.0475387312472	-40.0619551318	38779
233	-83.0	-8.20524204137e-16	0.0395028702915	-33.7951610864	38862
234	-102.0	-8.20524204137e-16	0.0259121898562	-40.0062119037	38964
235	-107.0	-8.20524204137e-16	0.0222294498235	-40.2992880044	39071
236	-87.0	-8.20524204137e-16	0.0235002636909	-35.8618759835	39158
237	-88.0	-8.20524204137e-16	0.019469615072	-35.5715159516	39246
238	-108.0	-8.20524204137e-16	0.0232585296035	-39.4024842848	39354
239	-83.0	-8.20524204137e-16	0.0137695977464	-32.7455166866	39437
240	-107.0	-8.20524204137e-16	0.0159144736826	-39.02213818	39544
241	-86.0	-8.20524204137e-16	0.0108032030985	-34.1595579635	39630
242	-119.0	-8.20524204137e-16	0.0182253513485	-45.8601295046	39749
243	-85.0	-8.20524204137e-16	0.0414775125682	-33.3587023861	39834
244	-108.0	-8.20524204137e-16	0.0189008414745	-38.9416695646	39942
245	-93.0	-8.20524204137e-16	0.0483781136572	-38.6870731385	40035
246	-89.0	-8.20524204137e-16	0.0476913899183	-36.2349062086	40124
247	-149.0	-8.20524204137e-16	0.0282552912831	-42.3248813056	40273
248	-108.0	-8.20524204137e-16	0.0465559214354	-39.240160537	40381
249	-92.0	-8.20524204137e-16	0.0247736070305	-37.2120751713	40473
250	-108.0	-8.20524204137e-16	0.0358298048377	-38.9291835273	40581
251	-85.0	-8.20524204137e-16	0.0362767465413	-32.4764939462	40666
252	-106.0	-8.20524204137e-16	0.00990713387728	-38.5978157273	40772
253	-109.0	-8.20524204137e-16	0.0236856732517	-38.5712747525	40881
254	-94.0	-8.20524204137e-16	0.0757323801517	-36.4495913729	40975
255	-143.0	-8.20524204137e-16	0.0345971249044	-42.9048212333	41118
256	-143.0	-8.20524204137e-16	0.0556374229491	-43.0602256685	41261
257	-84.0	-8.20524204137e-16	0.0355292409658	-32.5397408491	41345
258	-108.0	-8.20524204137e-16	0.0294919554144	-38.2408429461	41453
259	-108.0	-8.20524204137e-16	0.0397948920727	-38.1278699151	41561
260	-108.0	-8.20524204137e-16	0.0473373271525	-38.2309143317	41669
261	-106.0	-8.20524204137e-16	0.0426156297326	-37.9915471201	41775
262	-106.0	-8.20524204137e-16	0.0722731873393	-38.147336591	41881
263	-107.0	-8.20524204137e-16	0.0206217113882	-38.408451087	41988
264	-106.0	-8.20524204137e-16	0.0267008468509	-38.4594375435	42094
265	-83.0	-8.20524204137e-16	0.0269454009831	-32.6744408493	42177
266	-104.0	-8.20524204137e-16	0.00853791926056	-38.179155446	42281
267	-108.0	-8.20524204137e-16	0.0137760685757	-38.5482713232	42389
268	-106.0	-8.20524204137e-16	0.00625587068498	-37.9368062233	42495
269	-105.0	-8.20524204137e-16	0.00692117121071	-38.366103396	42600
270	-84.0	-8.20524204137e-16	0.00442296359688	-32.3722431752	42684
271	-105.0	-8.20524204137e-16	0.00778722623363	-38.043433102	42789
272	-108.0	-8.20524204137e-16	0.00401257863268	-38.5035432647	42897
273	-93.0	-8.20524204137e-16	0.0173857696354	-35.9515583874	42990
274	-108.0	-8.20524204137e-16	0.00771524524316	-38.6093279013	43098
275	-107.0	-8.20524204137e-16	0.0133226485923	-38.7299539246	43205
276	-106.0	-8.20524204137e-16	0.00769822113216	-38.3140532217	43311
277	-89.0	-8.20524204137e-16	0.0129066472873	-33.9087615428	43400
278	-107.0	-8.20524204137e-16	0.0119091710076	-38.4920509419	43507
279	-196.0	-8.20524204137e-16	0.02167169936	-39.0206107277	43703
280	-90.0	-8.20524204137e-16	0.0401494950056	-33.9087833153	43793
281	-105.0	-8.20524204137e-16	0.0689598172903	-38.1353641771	43898
282	-150.0	-8.20524204137e-16	0.0182740464807	-42.7096113674	44048
283	-88.0	-8.20524204137e-16	0.0444377399981	-33.8199987533	44136
284	-88.0	-8.20524204137e-16	0.0193873103708	-34.3369932202	44224
285	-83.0	-8.20524204137e-16	0.0161674749106	-32.8310381548	44307
286	-88.0	-8.20524204137e-16	0.0384380407631	-34.9046598036	44395
287	-150.0	-8.20524204137e-16	0.0536863468587	-43.8624515963	44545
288	-85.0	-8.20524204137e-16	0.0567795932293	-33.3716053107	44630
289	-108.0	-8.20524204137e-16	0.0607686154544	-40.282883271	44738
290	-110.0	-8.20524204137e-16	0.0415713973343	-40.2209710999	44848
291	-103.0	-8.20524204137e-16	0.0257864240557	-39.5854878321	44951
292	-109.0	-8.20524204137e-16	0.0302176754922	-39.9020382314	45060
293	-108.0	-8.20524204137e-16	0.0318590179086	-40.0227709247	45168
294	-104.0	-8.20524204137e-16	0.0381698235869	-39.2856118748	45272
295	-93.0	-8.20524204137e-16	0.0161979254335	-38.9055049445	45365
296	-103.0	-8.20524204137e-16	0.018685720861	-38.4389205778	45468
297	-108.0	-8.20524204137e-16	0.102396890521	-39.2907553569	45576
298	-103.0	-8.20524204137e-16	0.0406869165599	-43.5886628327	45679
299	-83.0	-8.20524204137e-16	0.0228189509362	-33.1462814521	45762
300	-102.0	-8.20524204137e-16	0.0167182665318	-38.8163239278	45864
301	-109.0	-8.20524204137e-16	0.01064454671	-39.4103660813	45973
302	-98.0	-8.20524204137e-16	0.0199388172477	-40.7790243188	46071
303	-108.0	-8.20524204137e-16	0.0369342789054	-39.9823659907	46179
304	-89.0	-8.20524204137e-16	0.0171177797019	-36.0242256087	46268
305	-85.0	-8.20524204137e-16	0.0147259682417	-33.3491900844	46353
306	-108.0	-8.20524204137e-16	0.0213336348534	-40.1321423771	46461
307	-105.0	-8.20524204137e-16	0.0276709422469	-39.8061843202	46566
308	-83.0	-8.20524204137e-16	0.00799740850925	-33.1367082323	46649
309	-108.0	-8.20524204137e-16	0.0159022379667	-39.0720458867	46757
310	-86.0	-8.20524204137e-16	0.00845592841506	-33.4216567527	46843
311	-89.0	-8.20524204137e-16	0.00901466794312	-34.8846030985	46932
312	-108.0	-8.20524204137e-16	0.00743160862476	-38.6950556222	47040
313	-102.0	-8.20524204137e-16	0.0063877729699	-37.5535324087	47142
314	-107.0	-8.20524204137e-16	0.00838257279247	-38.6598160011	47249
315	-87.0	-8.20524204137e-16	0.0200027413666	-33.2487040196	47336
316	-108.0	-8.20524204137e-16	0.00765326805413	-38.3566894377	47444
317	-105.0	-8.20524204137e-16	0.00705112703145	-38.2929199911	47549
318	-84.0	-8.20524204137e-16	0.0217802003026	-32.7257573065	47633
319	-91.0	-8.20524204137e-16	0.0112574901432	-34.2744201107	47724
320	-85.0	-8.20524204137e-16	0.00952177867293	-32.9191449137	47809
321	-106.0	-8.20524204137e-16	0.00599779887125	-38.5718210351	47915
322	-104.0	-8.20524204137e-16	0.00576640386134	-37.9041594301	48019
323	-108.0	-8.20524204137e-16	0.00297947856598	-38.6520477114	48127
324	-88.0	-8.20524204137e-16	0.00627126824111	-33.9052070691	48215
325	-108.0	-8.20524204137e-16	0.00378973083571	-39.2514973923	48323
326	-108.0	-8.20524204137e-16	0.00403591105714	-39.1472044874	48431
327	-102.0	-8.20524204137e-16	0.00727395061404	-38.2352334039	48533
328	-106.0	-8.20524204137e-16	0.00380233558826	-38.1936794368	48639
329	-200.0	-8.20524204137e-16	0.0340299680829	-41.7263983679	48839
330	-84.0	-8.20524204137e-16	0.0437929965556	-32.6361123252	48923
331	-107.0	-8.20524204137e-16	0.0110767558217	-39.3060266955	49030
332	-85.0	-8.20524204137e-16	0.021868782118	-33.3609341762	49115
333	-106.0	-8.20524204137e-16	0.156993120909	-38.4270368516	49221
334	-107.0	-8.20524204137e-16	0.0674034804106	-38.8272255116	49328
335	-106.0	-8.20524204137e-16	0.039628084749	-38.8348992338	49434
336	-106.0	-8.20524204137e-16	0.0293363947421	-39.1416109778	49540
337	-87.0	-8.20524204137e-16	0.0331690125167	-34.2006360457	49627
338	-84.0	-8.20524204137e-16	0.0533292479813	-31.7716885095	49711
339	-174.0	-8.20524204137e-16	0.0317821167409	-39.1666233235	49885
340	-96.0	-8.20524204137e-16	0.0859491378069	-40.6016739408	49981
341	-98.0	-8.20524204137e-16	0.0174461323768	-42.071956834	50079
342	-87.0	-8.20524204137e-16	0.119234062731	-32.5809598945	50166
343	-106.0	-8.20524204137e-16	0.0401137582958	-37.3452193388	50272
344	-111.0	-8.20524204137e-16	0.0187173355371	-42.4852608539	50383
345	-175.0	-8.20524204137e-16	0.0799279510975	-44.2547044538	50558
346	-109.0	-8.20524204137e-16	0.068416915834	-38.40256411	50667
347	-188.0	-8.20524204137e-16	0.0500278435647	-42.3756893486	50855
348	-86.0	-8.20524204137e-16	0.0797609388828	-32.8634631759	50941
349	-105.0	-8.20524204137e-16	0.165830507874	-38.6501793657	51046
350	-86.0	-8.20524204137e-16	0.0928569063544	-33.4785606833	51132
351	-111.0	-8.20524204137e-16	0.0379534102976	-40.0059655679	51243
352	-116.0	-8.20524204137e-16	0.0393423140049	-41.2015523356	51359
353	-106.0	-8.20524204137e-16	0.0282682199031	-38.9239568103	51465
354	-109.0	-8.20524204137e-16	0.0196970999241	-39.4853960013	51574
355	-105.0	-8.20524204137e-16	0.0173489768058	-38.7507378658	51679
356	-92.0	-8.20524204137e-16	0.0185395907611	-36.4537485579	51771
357	-108.0	-8.20524204137e-16	0.0114438561723	-39.058158656	51879
358	-110.0	-8.20524204137e-16	0.0269293729216	-39.4577783834	51989
359	-102.0	-8.20524204137e-16	0.00920210499316	-37.5263946372	52091
360	-91.0	-8.20524204137e-16	0.00886623747647	-35.3751688004	52182
361	-85.0	-8.20524204137e-16	0.0079868324101	-32.9353994966	52267
362	-107.0	-8.20524204137e-16	0.0181660875678	-38.7051883429	52374
363	-106.0	-8.20524204137e-16	0.0048690745607	-38.7856962625	52480
364	-104.0	-8.20524204137e-16	0.0284515339881	-38.5696257307	52584
365	-108.0	-8.20524204137e-16	0.00579333398491	-40.0279888831	52692
366	-90.0	-8.20524204137e-16	0.0053231427446	-34.8452849613	52782
367	-110.0	-8.20524204137e-16	0.0108861280605	-39.9106687752	52892
368	-87.0	-8.20524204137e-16	0.00691759679466	-33.6885055269	52979
369	-94.0	-8.20524204137e-16	0.0104461396113	-36.1992338769	53073
370	-107.0	-8.20524204137e-16	0.00415566144511	-39.139164489	53180
371	-84.0	-8.20524204137e-16	0.0122580900788	-32.7355390049	53264
372	-108.0	-8.20524204137e-16	0.0223314482719	-39.2276915643	53372
373	-200.0	-8.20524204137e-16	0.0305182524025	-43.3082000306	53572
374	-87.0	-8.20524204137e-16	0.0160991065204	-34.2453471128	53659
375	-111.0	-8.20524204137e-16	0.0521935261786	-39.6363759567	53770
376	-109.0	-8.20524204137e-16	0.024526361376	-40.7559877645	53879
377	-85.0	-8.20524204137e-16	0.0264894161373	-34.3470591552	53964
378	-101.0	-8.20524204137e-16	0.0555510781705	-38.9189634512	54065
379	-94.0	-8.20524204137e-16	0.0747669786215	-40.231548464	54159
380	-91.0	-8.20524204137e-16	0.121467351913	-37.2737494537	54250
381	-105.0	-8.20524204137e-16	0.162716805935	-39.5481186577	54355
382	-109.0	-8.20524204137e-16	0.0196529440582	-40.582544685	54464
383	-108.0	-8.20524204137e-16	0.0587355308235	-40.2827637803	54572
384	-85.0	-8.20524204137e-16	0.0137313669547	-33.8209284895	54657
385	-110.0	-8.20524204137e-16	0.00746080558747	-40.181166657	54767
386	-88.0	-8.20524204137e-16	0.00648179138079	-34.4344378608	54855
387	-113.0	-8.20524204137e-16	0.0067962417379	-40.078523187	54968
388	-108.0	-8.20524204137e-16	0.011309672147	-38.3640330158	55076
389	-99.0	-8.20524204137e-16	0.00600367132574	-36.6312326184	55175
390	-106.0	-8.20524204137e-16	0.014440507628	-38.3076870599	55281
391	-109.0	-8.20524204137e-16	0.00907865166664	-39.2921742748	55390
392	-107.0	-8.20524204137e-16	0.0106125073507	-38.4452637178	55497
393	-105.0	-8.20524204137e-16	0.00612709531561	-38.3384297325	55602
394	-109.0	-8.20524204137e-16	0.00527982413769	-39.1746857669	55711
395	-111.0	-8.20524204137e-16	0.00502089085057	-39.1528759583	55822
396	-109.0	-8.20524204137e-16	0.00406306795776	-39.3066414201	55931
397	-106.0	-8.20524204137e-16	0.00690702302381	-38.2382269378	56037
398	-110.0	-8.20524204137e-16	0.00489023793489	-39.5345665195	56147
399	-109.0	-8.20524204137e-16	0.00706236902624	-39.1851199592	56256
400	-107.0	-8.20524204137e-16	0.00341177731752	-38.6809321252	56363
401	-105.0	-8.20524204137e-16	0.00421111378819	-38.5927096594	56468
402	-108.0	-8.20524204137e-16	0.00340421148576	-38.9553916355	56576
403	-107.0	-8.20524204137e-16	0.00282830605283	-38.8177587117	56683
404	-108.0	-8.20524204137e-16	0.0062394971028	-39.0907127647	56791
405	-93.0	-8.20524204137e-16	0.237873837352	-36.540938162	56884
406	-113.0	-8.20524204137e-16	0.0145969931036	-41.236312286	56997
407	-107.0	-8.20524204137e-16	0.00770860817283	-39.5847351351	57104
408	-108.0	-8.20524204137e-16	0.0145474970341	-39.7563635718	57212
409	-108.0	-8.20524204137e-16	0.0176772605628	-39.0523369621	57320
410	-107.0	-8.20524204137e-16	0.00995310116559	-39.4472347693	57427
411	-107.0	-8.20524204137e-16	0.0038677866105	-39.1713633649	57534
412	-111.0	-8.20524204137e-16	0.0170812234282	-39.9399351451	57645
413	-108.0	-8.20524204137e-16	0.00811700150371	-39.1862552503	57753
414	-107.0	-8.20524204137e-16	0.00613078242168	-39.077868724	57860
415	-86.0	-8.20524204137e-16	0.0118376938626	-33.0180737487	57946
416	-110.0	-8.20524204137e-16	0.00248221238144	-39.5997706522	58056
417	-110.0	-8.20524204137e-16	0.00737618701532	-39.5679944591	58166
418	-108.0	-8.20524204137e-16	0.00385984266177	-39.5081248581	58274
419	-100.0	-8.20524204137e-16	0.0776236727834	-38.4660763359	58374
420	-103.0	-8.20524204137e-16	0.00657173758373	-37.8134731459	58477
421	-107.0	-8.20524204137e-16	0.0932985022664	-38.475327035	58584
422	-111.0	-8.20524204137e-16	0.0111726252362	-39.9299132094	58695
423	-109.0	-8.20524204137e-16	0.00728037767112	-39.5459510668	58804
424	-84.0	-8.20524204137e-16	0.00699314614758	-33.339051522	58888
425	-149.0	-8.20524204137e-16	0.0901187956333	-47.4005122997	59037
426	-120.0	-8.20524204137e-16	0.076282940805	-41.1469770888	59157
427	-110.0	-8.20524204137e-16	0.125906005502	-39.5566071258	59267
428	-156.0	-8.20524204137e-16	0.0244361944497	-43.8137050462	59423
429	-119.0	-8.20524204137e-16	0.0667979940772	-40.2921000919	59542
430	-111.0	-8.20524204137e-16	0.0424378104508	-39.3161508629	59653
431	-87.0	-8.20524204137e-16	0.0545218326151	-34.3471201151	59740
432	-113.0	-8.20524204137e-16	0.0421342328191	-40.361632019	59853
433	-117.0	-8.20524204137e-16	0.0209616739303	-40.6429526409	59970
434	-83.0	-8.20524204137e-16	0.0207440592349	-33.5696539893	60053
435	-109.0	-8.20524204137e-16	0.0140935201198	-40.5640259194	60162
436	-109.0	-8.20524204137e-16	0.00587663799524	-39.3832642841	60271
437	-110.0	-8.20524204137e-16	0.00901029165834	-39.549356945	60381
438	-83.0	-8.20524204137e-16	0.00767389452085	-32.3638165241	60464
439	-108.0	-8.20524204137e-16	0.00706290733069	-39.6580721813	60572
440	-103.0	-8.20524204137e-16	0.00378135405481	-37.3686368402	60675
441	-107.0	-8.20524204137e-16	0.00940472632647	-38.6968007188	60782
442	-106.0	-8.20524204137e-16	0.00520877260715	-38.1409916867	60888
443	-106.0	-8.20524204137e-16	0.00533474003896	-37.9662307355	60994
444	-107.0	-8.20524204137e-16	0.00263064238243	-38.6704153235	61101
445	-103.0	-8.20524204137e-16	0.00484890630469	-37.0314133711	61204
446	-103.0	-8.20524204137e-16	0.00409986171871	-37.3731491068	61307
447	-110.0	-8.20524204137e-16	0.0140894791111	-38.9273339771	61417
448	-107.0	-8.20524204137e-16	0.00300632440485	-38.9430430587	61524
449	-92.0	-8.20524204137e-16	0.0100157121196	-36.0463478436	61616
450	-109.0	-8.20524204137e-16	0.00972117856145	-39.9124216437	61725
451	-107.0	-8.20524204137e-16	0.00727483257651	-40.1132890766	61832
452	-88.0	-8.20524204137e-16	0.0111596239731	-34.3234838498	61920
453	-89.0	-8.20524204137e-16	0.0148328365758	-34.0314352727	62009
454	-123.0	-8.20524204137e-16	0.0083274692297	-41.9054791612	62132
455	-191.0	-8.20524204137e-16	0.0307300258428	-41.3667200162	62323
456	-95.0	-8.20524204137e-16	0.103203639388	-35.9336885528	62418
457	-104.0	-8.20524204137e-16	0.115689903498	-39.5558577684	62522
458	-85.0	-8.20524204137e-16	0.0320972017944	-32.6013929704	62607
459	-108.0	-8.20524204137e-16	0.0969122648239	-38.4900737184	62715
460	-108.0	-8.20524204137e-16	0.231780782342	-38.2740877337	62823
461	-104.0	-8.20524204137e-16	0.108393035829	-38.3159018755	62927
462	-84.0	-8.20524204137e-16	0.121365040541	-32.5658456066	63011
463	-111.0	-8.20524204137e-16	0.0302643962204	-39.0065773989	63122
464	-104.0	-8.20524204137e-16	0.0280504729599	-38.4424883964	63226
465	-108.0	-8.20524204137e-16	0.0231208279729	-39.8260812781	63334
466	-102.0	-8.20524204137e-16	0.00630753813311	-38.1017110482	63436
467	-103.0	-8.20524204137e-16	0.0068401559256	-38.7666371242	63539
468	-104.0	-8.20524204137e-16	0.0197590645403	-38.5398647642	63643
469	-104.0	-8.20524204137e-16	0.00867993570864	-38.1945201927	63747
470	-108.0	-8.20524204137e-16	0.00796272139996	-39.5199707068	63855
471	-104.0	-8.20524204137e-16	0.0046188114211	-38.151917888	63959
472	-108.0	-8.20524204137e-16	0.00607073027641	-39.6301350329	64067
473	-106.0	-8.20524204137e-16	0.0136384759098	-39.2261200502	64173
474	-106.0	-8.20524204137e-16	0.0125148426741	-38.6312049161	64279
475	-91.0	-8.20524204137e-16	0.0166199617088	-35.6523859108	64370
476	-90.0	-8.20524204137e-16	0.00505343591794	-34.8876933575	64460
477	-107.0	-8.20524204137e-16	0.00985575839877	-39.3030469819	64567
478	-107.0	-8.20524204137e-16	0.00489739701152	-39.0675166895	64674
479	-103.0	-8.20524204137e-16	0.00607602577657	-38.0745132195	64777
480	-104.0	-8.20524204137e-16	0.0064869611524	-38.370076591	64881
481	-92.0	-8.20524204137e-16	0.00940305832773	-35.0752894645	64973
482	-88.0	-8.20524204137e-16	0.00470518087968	-33.5198880373	65061
483	-159.0	-8.20524204137e-16	0.0167230051011	-46.9744740585	65220
484	-103.0	-8.20524204137e-16	0.0935489758849	-39.0722638149	65323
485	-107.0	-8.20524204137e-16	0.057090498507	-39.1091663381	65430
486	-103.0	-8.20524204137e-16	0.273577868938	-41.2206247501	65533
487	-112.0	-8.20524204137e-16	0.0322127230465	-40.1384094049	65645
488	-91.0	-8.20524204137e-16	0.0927089452744	-37.1995764394	65736
489	-106.0	-8.20524204137e-16	0.0819719731808	-39.0975775932	65842
490	-109.0	-8.20524204137e-16	0.0426756478846	-38.0349188191	65951
491	-109.0	-8.20524204137e-16	0.108447521925	-38.6639295561	66060
492	-109.0	-8.20524204137e-16	0.0223868023604	-38.3189568514	66169
493	-106.0	-8.20524204137e-16	0.0170684158802	-37.8474619085	66275
494	-105.0	-8.20524204137e-16	0.0173419676721	-37.8807532969	66380
495	-106.0	-8.20524204137e-16	0.0230644419789	-38.8012887318	66486
496	-104.0	-8.20524204137e-16	0.00577432056889	-37.6644641574	66590
497	-88.0	-8.20524204137e-16	0.00512218289077	-33.3734701154	66678
498	-108.0	-8.20524204137e-16	0.00780854700133	-38.9478264981	66786
499	-107.0	-8.20524204137e-16	0.00697307568043	-38.1559439457	66893
500	-108.0	-8.20524204137e-16	0.00532173039392	-38.6110934924	67001
501	-104.0	-8.20524204137e-16	0.00526808155701	-37.8783161824	67105
502	-90.0	-8.20524204137e-16	0.0060753673315	-33.9671869159	67195
503	-97.0	-8.20524204137e-16	0.00912152882665	-36.1684787654	67292
504	-85.0	-8.20524204137e-16	0.0115222334862	-32.6790827933	67377
505	-101.0	-8.20524204137e-16	0.0542579963803	-37.5936388108	67478
506	-83.0	-8.20524204137e-16	0.0141588095576	-33.370146872	67561
507	-107.0	-8.20524204137e-16	0.0351303145289	-39.0122856099	67668
508	-97.0	-8.20524204137e-16	0.0376650504768	-37.8461616924	67765
509	-107.0	-8.20524204137e-16	0.00649088202044	-38.3087685523	67872
510	-107.0	-8.20524204137e-16	0.00790705624968	-38.4857026561	67979
511	-88.0	-8.20524204137e-16	0.0052211843431	-33.2428475226	68067
512	-125.0	-8.20524204137e-16	0.0159905552864	-39.9137689299	68192
513	-111.0	-8.20524204137e-16	0.00944710709155	-38.2824220142	68303
514	-113.0	-8.20524204137e-16	0.0174149461091	-38.7705596917	68416
515	-95.0	-8.20524204137e-16	0.00707413675264	-35.6988212749	68511
516	-105.0	-8.20524204137e-16	0.00476690428331	-38.1403148186	68616
517	-101.0	-8.20524204137e-16	0.00756608787924	-37.4448318718	68717
518	-107.0	-8.20524204137e-16	0.00788559764624	-38.5514300026	68824
519	-92.0	-8.20524204137e-16	0.00604801997542	-34.9560220954	68916
520	-90.0	-8.20524204137e-16	0.00762138701975	-34.7208693359	69006
521	-88.0	-8.20524204137e-16	0.00662205740809	-34.2182058665	69094
522	-111.0	-8.20524204137e-16	0.00530118355528	-39.5530921854	69205
523	-106.0	-8.20524204137e-16	0.0129593499005	-39.101991036	69311
524	-85.0	-8.20524204137e-16	0.00407282356173	-32.9877930501	69396
525	-97.0	-8.20524204137e-16	0.0220976974815	-36.3855177668	69493
526	-86.0	-8.20524204137e-16	0.0074060568586	-32.9505085543	69579
527	-87.0	-8.20524204137e-16	0.00455656927079	-33.4892484457	69666
528	-84.0	-8.20524204137e-16	0.00465592416003	-32.9658079843	69750
529	-108.0	-8.20524204137e-16	0.00938910804689	-39.3858716598	69858
530	-199.0	-8.20524204137e-16	0.00919504091144	-41.4827853567	70057
531	-105.0	-8.20524204137e-16	0.0353930667043	-38.3381904466	70162
532	-129.0	-8.20524204137e-16	0.0203420352191	-41.4154978977	70291
533	-104.0	-8.20524204137e-16	0.0418669991195	-38.5608212604	70395
534	-83.0	-8.20524204137e-16	0.032190028578	-33.3436088835	70478
535	-112.0	-8.20524204137e-16	0.0165388230234	-40.1128988074	70590
536	-87.0	-8.20524204137e-16	0.0334224365652	-34.2082642207	70677
537	-106.0	-8.20524204137e-16	0.0185450259596	-38.052070648	70783
538	-104.0	-8.20524204137e-16	0.0309608578682	-37.3895120242	70887
539	-114.0	-8.20524204137e-16	0.0134297087789	-38.626637876	71001
540	-84.0	-8.20524204137e-16	0.0131614170969	-32.0647831431	71085
541	-85.0	-8.20524204137e-16	0.0134488632903	-31.9038266357	71170
542	-83.0	-8.20524204137e-16	0.00852919369936	-32.1111283073	71253
543	-105.0	-8.20524204137e-16	0.0140195991844	-37.7609387892	71358
544	-108.0	-8.20524204137e-16	0.00573904952034	-38.9101242026	71466
545	-97.0	-8.20524204137e-16	0.0149639351293	-37.4341940093	71563
546	-83.0	-8.20524204137e-16	0.0304474551231	-31.7666547227	71646
547	-120.0	-8.20524204137e-16	0.00886208191514	-39.2423403338	71766
548	-93.0	-8.20524204137e-16	0.0214630998671	-35.0609470721	71859
549	-90.0	-8.20524204137e-16	0.0166711043566	-33.1777714862	71949
550	-107.0	-8.20524204137e-16	0.023548906669	-37.6328377356	72056
551	-85.0	-8.20524204137e-16	0.00942721217871	-31.4780526414	72141
552	-163.0	-8.20524204137e-16	0.0661655142903	-46.20796698	72304
553	-107.0	-8.20524204137e-16	0.0193459261209	-37.1152427832	72411
554	-113.0	-8.20524204137e-16	0.0100288782269	-38.3107701318	72524
555	-121.0	-8.20524204137e-16	0.0155901843682	-38.0465482685	72645
556	-122.0	-8.20524204137e-16	0.0253630168736	-38.4617342304	72767
557	-116.0	-8.20524204137e-16	0.041579246521	-38.1977315216	72883
558	-116.0	-8.20524204137e-16	0.0250840559602	-39.5441533235	72999
559	-119.0	-8.20524204137e-16	0.0164765324444	-39.9158436333	73118
560	-120.0	-8.20524204137e-16	0.00995420757681	-40.3405896137	73238
561	-110.0	-8.20524204137e-16	0.00488079711795	-38.6281785705	73348
562	-106.0	-8.20524204137e-16	0.0142066292465	-38.7385662344	73454
563	-111.0	-8.20524204137e-16	0.00505909370258	-40.3327986636	73565
564	-84.0	-8.20524204137e-16	0.00427236314863	-32.9970119298	73649
565	-89.0	-8.20524204137e-16	0.00497045787051	-34.8394960366	73738
566	-106.0	-8.20524204137e-16	0.0047413231805	-39.6575196757	73844
567	-108.0	-8.20524204137e-16	0.00556106027216	-40.376121744	73952
568	-105.0	-8.20524204137e-16	0.0105663901195	-39.0880147219	74057
569	-104.0	-8.20524204137e-16	0.00641857972369	-38.6051764712	74161
570	-110.0	-8.20524204137e-16	0.0174040310085	-39.9567076878	74271
571	-163.0	-8.20524204137e-16	0.0815143361688	-46.7242159087	74434
572	-111.0	-8.20524204137e-16	0.296461701393	-39.3102614665	74545
573	-113.0	-8.20524204137e-16	0.0130155533552	-39.7458906353	74658
574	-114.0	-8.20524204137e-16	0.011919409968	-39.2690052333	74772
575	-111.0	-8.20524204137e-16	0.0345747768879	-39.3028117493	74883
576	-117.0	-8.20524204137e-16	0.0535446666181	-39.5274311696	75000
577	-97.0	-8.20524204137e-16	0.0281035415828	-35.6158407791	75097
578	-124.0	-8.20524204137e-16	0.114534571767	-39.9201929473	75221
579	-111.0	-8.20524204137e-16	0.0303211491555	-38.3262929358	75332
580	-98.0	-8.20524204137e-16	0.0536647923291	-35.6559168709	75430
581	-109.0	-8.20524204137e-16	0.116645775735	-39.4835393013	75539
582	-112.0	-8.20524204137e-16	0.0175225231797	-39.9031505611	75651
583	-89.0	-8.20524204137e-16	0.0226535256952	-33.5312923126	75740
584	-90.0	-8.20524204137e-16	0.054624196142	-33.4073540476	75830
585	-110.0	-8.20524204137e-16	0.036520998925	-39.5027248643	75940
586	-97.0	-8.20524204137e-16	0.0136784398928	-36.4024781001	76037
587	-160.0	-8.20524204137e-16	0.0360181555152	-44.2284318065	76197
588	-109.0	-8.20524204137e-16	0.0134120592847	-38.4553781431	76306
589	-158.0	-8.20524204137e-16	0.171473860741	-44.4264770039	76464
590	-118.0	-8.20524204137e-16	0.056307412684	-40.1187682142	76582
591	-110.0	-8.20524204137e-16	0.0544314198196	-38.7682852924	76692
592	-111.0	-8.20524204137e-16	0.0326391085982	-38.3319176307	76803
593	-109.0	-8.20524204137e-16	0.015850527212	-38.9261927452	76912
594	-106.0	-8.20524204137e-16	0.0178001020104	-38.7561601929	77018
595	-106.0	-8.20524204137e-16	0.0183166693896	-38.7686586425	77124
596	-84.0	-8.20524204137e-16	0.0117551712319	-32.3483813689	77208
597	-95.0	-8.20524204137e-16	0.0617980323732	-37.4112876114	77303
598	-108.0	-8.20524204137e-16	0.0170821323991	-39.1013590274	77411
599	-85.0	-8.20524204137e-16	0.0117310583591	-33.0579058297	77496
600	-102.0	-8.20524204137e-16	0.00632631313056	-37.6156243343	77598
601	-103.0	-8.20524204137e-16	0.00735289976001	-37.581235594	77701
602	-104.0	-8.20524204137e-16	0.00483988132328	-37.5697164157	77805
603	-112.0	-8.20524204137e-16	0.00484539475292	-38.9309142519	77917
604	-85.0	-8.20524204137e-16	0.0130055509508	-32.0246068113	78002
605	-83.0	-8.20524204137e-16	0.00641528842971	-31.9419330143	78085
606	-110.0	-8.20524204137e-16	0.00441746693105	-38.6769478332	78195
607	-103.0	-8.20524204137e-16	0.015306096524	-36.845093197	78298
608	-94.0	-8.20524204137e-16	0.0124476701021	-35.9774179053	78392
609	-111.0	-8.20524204137e-16	0.00485028605908	-39.0677812883	78503
610	-117.0	-8.20524204137e-16	0.0114264730364	-39.323096258	78620
611	-109.0	-8.20524204137e-16	0.00704284338281	-38.6847161547	78729
612	-112.0	-8.20524204137e-16	0.00553966360167	-39.3089418917	78841
613	-114.0	-8.20524204137e-16	0.00855921860784	-39.9136210617	78955
614	-110.0	-8.20524204137e-16	0.00704639498144	-39.5740304633	79065
615	-102.0	-8.20524204137e-16	0.0156852826476	-37.6835019962	79167
616	-83.0	-8.20524204137e-16	0.00471693882719	-32.5904865064	79250
617	-108.0	-8.20524204137e-16	0.00765270646662	-39.5856471967	79358
618	-109.0	-8.20524204137e-16	0.0030641569756	-39.5149272352	79467
619	-110.0	-8.20524204137e-16	0.00274970987812	-39.8528316855	79577
620	-86.0	-8.20524204137e-16	0.00209156516939	-33.2453970819	79663
621	-95.0	-8.20524204137e-16	0.0177459660918	-36.4289333544	79758
622	-104.0	-8.20524204137e-16	0.0372684113681	-37.885502214	79862
623	-91.0	-8.20524204137e-16	0.0086093954742	-34.9664957956	79953
624	-108.0	-8.20524204137e-16	0.0146482689306	-39.9011173414	80061
625	-84.0	-8.20524204137e-16	0.00418055709451	-32.8118600079	80145
626	-87.0	-8.20524204137e-16	0.00406554248184	-33.3251605281	80232
627	-85.0	-8.20524204137e-16	0.00595474755391	-32.5409053459	80317
628	-109.0	-8.20524204137e-16	0.00358046893962	-39.1475116977	80426
629	-86.0	-8.20524204137e-16	0.00523327477276	-32.9539329423	80512
630	-107.0	-8.20524204137e-16	0.00494698854163	-38.356425673	80619
631	-108.0	-8.20524204137e-16	0.00313913100399	-39.1276356688	80727
632	-111.0	-8.20524204137e-16	0.00483076833189	-39.5173388618	80838
633	-107.0	-8.20524204137e-16	0.00716363126412	-38.8948290214	80945
634	-106.0	-8.20524204137e-16	0.00415341183543	-38.1548726238	81051
635	-106.0	-8.20524204137e-16	0.00315150199458	-38.6678856471	81157
636	-120.0	-8.20524204137e-16	0.0106138633564	-40.4540039082	81277
637	-101.0	-8.20524204137e-16	0.0140970917419	-37.5744209809	81378
638	-85.0	-8.20524204137e-16	0.00946165528148	-32.6973971644	81463
639	-105.0	-8.20524204137e-16	0.0069739613682	-38.1042303959	81568
640	-106.0	-8.20524204137e-16	0.00575905293226	-38.789019561	81674
641	-106.0	-8.20524204137e-16	0.00657704891637	-38.4238196139	81780
642	-200.0	-8.20524204137e-16	0.0221771914512	-41.4232688475	81980
643	-108.0	-8.20524204137e-16	0.00764674879611	-38.8890479106	82088
644	-102.0	-8.20524204137e-16	0.0648163631558	-37.5554284857	82190
645	-104.0	-8.20524204137e-16	0.0214830841869	-37.8792046286	82294
646	-90.0	-8.20524204137e-16	0.0117818433791	-34.5334233072	82384
647	-102.0	-8.20524204137e-16	0.0131941959262	-38.0557664154	82486
648	-112.0	-8.20524204137e-16	0.0169756952673	-39.1008172928	82598
649	-104.0	-8.20524204137e-16	0.0471586808562	-38.0629243174	82702
650	-104.0	-8.20524204137e-16	0.0264427289367	-37.9801981731	82806
651	-108.0	-8.20524204137e-16	0.0125907585025	-38.7101708018	82914
652	-105.0	-8.20524204137e-16	0.00947235431522	-38.2720074404	83019
653	-84.0	-8.20524204137e-16	0.00488731591031	-32.4351762278	83103
654	-106.0	-8.20524204137e-16	0.0210083331913	-38.6647833181	83209
655	-105.0	-8.20524204137e-16	0.00614295620471	-38.2957388855	83314
656	-107.0	-8.20524204137e-16	0.00729294540361	-38.7768667519	83421
657	-90.0	-8.20524204137e-16	0.0105411373079	-34.1618204686	83511
658	-108.0	-8.20524204137e-16	0.00253655156121	-38.7776738099	83619
659	-108.0	-8.20524204137e-16	0.00229664426297	-38.704249026	83727
660	-112.0	-8.20524204137e-16	0.0120964003727	-39.28777932	83839
661	-102.0	-8.20524204137e-16	0.00616490095854	-37.7216847644	83941
662	-103.0	-8.20524204137e-16	0.0150377908722	-39.9886317948	84044
663	-107.0	-8.20524204137e-16	0.00780889671296	-38.2327665191	84151
664	-107.0	-8.20524204137e-16	0.0188683122396	-38.5163781618	84258
665	-100.0	-8.20524204137e-16	0.0170462839305	-37.8575991189	84358
666	-109.0	-8.20524204137e-16	0.218717351556	-38.7554382851	84467
667	-94.0	-8.20524204137e-16	0.00449831970036	-37.5181913883	84561
668	-105.0	-8.20524204137e-16	0.011577103287	-38.4981079709	84666
669	-104.0	-8.20524204137e-16	0.0174999069422	-38.4330652929	84770
670	-98.0	-8.20524204137e-16	0.0489138253033	-38.2236424259	84868
671	-101.0	-8.20524204137e-16	0.00874981749803	-39.6534657042	84969
672	-108.0	-8.20524204137e-16	0.0171993691474	-39.7595853211	85077
673	-113.0	-8.20524204137e-16	0.0192826595157	-39.5017912733	85190
674	-109.0	-8.20524204137e-16	0.0104774953797	-38.4662958537	85299
675	-113.0	-8.20524204137e-16	0.0134262768552	-40.166168714	85412
676	-113.0	-8.20524204137e-16	0.0152581101283	-40.1906315679	85525
677	-102.0	-8.20524204137e-16	0.00985080935061	-38.0249467971	85627
678	-110.0	-8.20524204137e-16	0.0132387029007	-39.1096369321	85737
679	-106.0	-8.20524204137e-16	0.0117482459173	-39.3934231333	85843
680	-108.0	-8.20524204137e-16	0.0116459587589	-39.9427524181	85951
681	-106.0	-8.20524204137e-16	0.00930701382458	-39.4771403727	86057
682	-103.0	-8.20524204137e-16	0.0084870448336	-37.8271846308	86160
683	-106.0	-8.20524204137e-16	0.00657471362501	-38.9910524566	86266
684	-119.0	-8.20524204137e-16	0.0129163200036	-38.1765672299	86385
685	-106.0	-8.20524204137e-16	0.0131186759099	-38.5204825104	86491
686	-160.0	-8.20524204137e-16	0.104746207595	-46.5091743849	86651
687	-107.0	-8.20524204137e-16	0.0201246514916	-38.4156966794	86758
688	-93.0	-8.20524204137e-16	0.0433484688401	-36.2665567129	86851
689	-103.0	-8.20524204137e-16	0.0353889428079	-37.3571950093	86954
690	-106.0	-8.20524204137e-16	0.0228496734053	-38.4422248793	87060
691	-113.0	-8.20524204137e-16	0.0317576341331	-38.8443630077	87173
692	-106.0	-8.20524204137e-16	0.0172368176281	-38.3306684303	87279
693	-84.0	-8.20524204137e-16	0.0104450881481	-31.8685011253	87363
694	-105.0	-8.20524204137e-16	0.0223406795412	-38.2247231631	87468
695	-102.0	-8.20524204137e-16	0.013178223744	-37.2194009283	87570
696	-85.0	-8.20524204137e-16	0.0174260567874	-32.2285161958	87655
697	-96.0	-8.20524204137e-16	0.00867881812155	-35.4883628587	87751
698	-106.0	-8.20524204137e-16	0.00628294143826	-38.3524703243	87857
699	-107.0	-8.20524204137e-16	0.00881421752274	-38.2114540361	87964
700	-107.0	-8.20524204137e-16	0.0131528740749	-38.4934306234	88071
701	-86.0	-8.20524204137e-16	0.00986135005951	-32.9121964456	88157
702	-111.0	-8.20524204137e-16	0.00731954257935	-38.8494488814	88268
703	-96.0	-8.20524204137e-16	0.00869613140821	-36.0568509561	88364
704	-107.0	-8.20524204137e-16	0.00796911958605	-38.6434950652	88471
705	-106.0	-8.20524204137e-16	0.0144509030506	-38.9465593999	88577
706	-87.0	-8.20524204137e-16	0.0217576865107	-33.7719835235	88664
707	-88.0	-8.20524204137e-16	0.00778065435588	-34.0320770449	88752
708	-100.0	-8.20524204137e-16	0.00600097235292	-37.0605721712	88852
709	-89.0	-8.20524204137e-16	0.0499036796391	-34.7075471905	88941
710	-87.0	-8.20524204137e-16	0.010391172953	-34.1308750805	89028
711	-106.0	-8.20524204137e-16	0.0129077993333	-39.4684155819	89134
712	-110.0	-8.20524204137e-16	0.0134128471836	-39.9064148578	89244
713	-167.0	-8.20524204137e-16	0.0166781432927	-41.844719834	89411
714	-86.0	-8.20524204137e-16	0.0153182344511	-34.3247588582	89497
715	-94.0	-8.20524204137e-16	0.0185804627836	-36.8566778822	89591
716	-105.0	-8.20524204137e-16	0.0263089351356	-39.4155356816	89696
717	-104.0	-8.20524204137e-16	0.0243874415755	-39.3863122446	89800
718	-105.0	-8.20524204137e-16	0.0316265411675	-39.040288864	89905
719	-200.0	-8.20524204137e-16	0.0161729361862	-39.110172081	90105
720	-94.0	-8.20524204137e-16	0.0457844883204	-34.593903305	90199
721	-108.0	-8.20524204137e-16	0.0303346440196	-37.8830566395	90307
722	-88.0	-8.20524204137e-16	0.0660702586174	-33.0625637431	90395
723	-91.0	-8.20524204137e-16	0.0204808916897	-34.5470742891	90486
724	-92.0	-8.20524204137e-16	0.0381622947752	-35.8322780987	90578
725	-106.0	-8.20524204137e-16	0.0531526431441	-38.4285306115	90684
726	-84.0	-8.20524204137e-16	0.0210071727633	-31.5700841276	90768
727	-167.0	-8.20524204137e-16	0.131622001529	-42.1766069885	90935
728	-88.0	-8.20524204137e-16	0.0163477510214	-33.1991569535	91023
729	-87.0	-8.20524204137e-16	0.0388814918697	-32.7024957065	91110
730	-107.0	-8.20524204137e-16	0.0149174304679	-37.8129900755	91217
731	-153.0	-8.20524204137e-16	0.0395855680108	-40.5011283915	91370
732	-107.0	-8.20524204137e-16	0.0284844841808	-38.3179356428	91477
733	-108.0	-8.20524204137e-16	0.0215054694563	-38.3892767551	91585
734	-108.0	-8.20524204137e-16	0.0315044485033	-37.9429441437	91693
735	-106.0	-8.20524204137e-16	0.014812970534	-37.9468660838	91799
736	-86.0	-8.20524204137e-16	0.0177566092461	-32.9109496724	91885
737	-106.0	-8.20524204137e-16	0.0611068271101	-40.3687822223	91991
738	-102.0	-8.20524204137e-16	0.040986046195	-37.5262808554	92093
739	-106.0	-8.20524204137e-16	0.0268240608275	-38.9236849052	92199
740	-108.0	-8.20524204137e-16	0.0206939037889	-38.7341116601	92307
741	-103.0	-8.20524204137e-16	0.0124018052593	-38.3851775382	92410
742	-86.0	-8.20524204137e-16	0.0116051044315	-34.344231643	92496
743	-104.0	-8.20524204137e-16	0.0201390031725	-38.4330023768	92600
744	-108.0	-8.20524204137e-16	0.0165898557752	-38.4530469091	92708
745	-103.0	-8.20524204137e-16	0.043644156307	-37.8695039298	92811
746	-84.0	-8.20524204137e-16	0.0144157838076	-31.8974752696	92895
747	-104.0	-8.20524204137e-16	0.0116960378364	-37.7660485965	92999
748	-110.0	-8.20524204137e-16	0.00917251873761	-37.7775680954	93109
749	-104.0	-8.20524204137e-16	0.00671420712024	-37.7038120937	93213
750	-108.0	-8.20524204137e-16	0.00670058187097	-38.2832766059	93321
751	-105.0	-8.20524204137e-16	0.00870105717331	-38.3272159758	93426
752	-103.0	-8.20524204137e-16	0.00815853569657	-37.2417742882	93529
753	-107.0	-8.20524204137e-16	0.00506274634972	-37.8786399053	93636
754	-106.0	-8.20524204137e-16	0.00606706226245	-37.817429591	93742
755	-104.0	-8.20524204137e-16	0.00507784867659	-37.6330766954	93846
756	-104.0	-8.20524204137e-16	0.0126837557182	-37.7464049229	93950
757	-84.0	-8.20524204137e-16	0.00530669	-32.0761772323	94034
758	-91.0	-8.20524204137e-16	0.00690993806347	-33.6884807309	94125
759	-109.0	-8.20524204137e-16	0.0229350719601	-38.3362032077	94234
760	-106.0	-8.20524204137e-16	0.0369624830782	-38.197074465	94340
761	-91.0	-8.20524204137e-16	0.0334986783564	-34.3256711226	94431
762	-105.0	-8.20524204137e-16	0.0291497129947	-38.53912043	94536
763	-104.0	-8.20524204137e-16	0.021909756586	-38.5414721106	94640
764	-105.0	-8.20524204137e-16	0.0151765793562	-38.6303252618	94745
765	-103.0	-8.20524204137e-16	0.020186971873	-38.1255016738	94848
766	-87.0	-8.20524204137e-16	0.0222508776933	-34.3114368546	94935
767	-104.0	-8.20524204137e-16	0.0101199150085	-38.2045591657	95039
768	-105.0	-8.20524204137e-16	0.0128920441493	-38.8027216338	95144
769	-89.0	-8.20524204137e-16	0.00989727955312	-35.4891440748	95233
770	-95.0	-8.20524204137e-16	0.0125361168757	-37.4274355888	95328
771	-105.0	-8.20524204137e-16	0.0131348548457	-38.9798571547	95433
772	-109.0	-8.20524204137e-16	0.0107905659825	-38.1108664132	95542
773	-104.0	-8.20524204137e-16	0.00828437507153	-38.059830175	95646
774	-103.0	-8.20524204137e-16	0.0433765091002	-37.2013481439	95749
775	-106.0	-8.20524204137e-16	0.0406475625932	-38.691041185	95855
776	-91.0	-8.20524204137e-16	0.00571522815153	-33.8957578795	95946
777	-105.0	-8.20524204137e-16	0.0112236775458	-38.1878410487	96051
778	-106.0	-8.20524204137e-16	0.0161080528051	-38.2003357849	96157
779	-94.0	-8.20524204137e-16	0.00873107276857	-34.7674806118	96251
780	-105.0	-8.20524204137e-16	0.0158624090254	-38.6842705795	96356
781	-90.0	-8.20524204137e-16	0.0227630641311	-33.5130178995	96446
782	-163.0	-8.20524204137e-16	0.0686827078462	-43.2131719171	96609
783	-89.0	-8.20524204137e-16	0.016912214458	-33.5895981735	96698
784	-107.0	-8.20524204137e-16	0.00587157625705	-38.0201722578	96805
785	-86.0	-8.20524204137e-16	0.032249238342	-32.8077584048	96891
786	-106.0	-8.20524204137e-16	0.0593740195036	-38.2260535056	96997
787	-90.0	-8.20524204137e-16	0.01541730389	-34.047399248	97087
788	-128.0	-8.20524204137e-16	0.0143892094493	-39.2079327703	97215
789	-107.0	-8.20524204137e-16	0.0274014510214	-38.423452599	97322
790	-86.0	-8.20524204137e-16	0.0563300326467	-33.078769286	97408
791	-105.0	-8.20524204137e-16	0.0283111315221	-38.1933957577	97513
792	-105.0	-8.20524204137e-16	0.0187320653349	-38.5876515593	97618
793	-85.0	-8.20524204137e-16	0.0296331588179	-32.5586977384	97703
794	-90.0	-8.20524204137e-16	0.0274734441191	-35.5497777065	97793
795	-91.0	-8.20524204137e-16	0.0422676168382	-35.3618878873	97884
796	-88.0	-8.20524204137e-16	0.0384448729455	-33.2179463424	97972
797	-107.0	-8.20524204137e-16	0.0156501736492	-38.3158012517	98079
798	-106.0	-8.20524204137e-16	0.00787438359112	-37.7646029767	98185
799	-85.0	-8.20524204137e-16	0.00663103489205	-32.6302517156	98270
800	-104.0	-8.20524204137e-16	0.00616169394925	-37.7844602506	98374
801	-104.0	-8.20524204137e-16	0.0063899513334	-38.0959119361	98478
802	-106.0	-8.20524204137e-16	0.00552276195958	-38.3971456357	98584
803	-103.0	-8.20524204137e-16	0.00580354733393	-37.8946872552	98687
804	-88.0	-8.20524204137e-16	0.00561371119693	-33.9804830605	98775
805	-101.0	-8.20524204137e-16	0.00548678683117	-36.7159219473	98876
806	-89.0	-8.20524204137e-16	0.00645063538104	-33.9849769132	98965
807	-104.0	-8.20524204137e-16	0.0047271871008	-38.1877229775	99069
808	-103.0	-8.20524204137e-16	0.00665498618037	-38.0395470678	99172
809	-102.0	-8.20524204137e-16	0.00348128634505	-37.9859657732	99274
810	-87.0	-8.20524204137e-16	0.00466417567804	-33.6800821211	99361
811	-105.0	-8.20524204137e-16	0.00801629945636	-38.6630851291	99466
812	-103.0	-8.20524204137e-16	0.0072738439776	-37.7829524582	99569
813	-106.0	-8.20524204137e-16	0.00363494362682	-38.1662956102	99675
814	-102.0	-8.20524204137e-16	0.0170609392226	-37.9028173299	99777
815	-88.0	-8.20524204137e-16	0.00716445688158	-33.8515255275	99865
816	-95.0	-8.20524204137e-16	0.0108304768801	-36.4361966911	99960
817	-87.0	-8.20524204137e-16	0.00987443514168	-33.5001991878	100047
818	-160.0	-8.20524204137e-16	0.0110185975209	-46.1287271738	100207
819	-85.0	-8.20524204137e-16	0.0175440385938	-33.0606446715	100292
820	-85.0	-8.20524204137e-16	0.0410127751529	-33.4199879155	100377
821	-92.0	-8.20524204137e-16	0.0270534679294	-36.0724024513	100469
822	-100.0	-8.20524204137e-16	0.104067273438	-39.7864832878	100569
823	-105.0	-8.20524204137e-16	0.0292954612523	-38.9432914371	100674
824	-84.0	-8.20524204137e-16	0.0174939408898	-32.8547741217	100758
825	-108.0	-8.20524204137e-16	0.0449736826122	-38.9901472291	100866
826	-110.0	-8.20524204137e-16	0.0164022948593	-38.7253821869	100976
827	-104.0	-8.20524204137e-16	0.0174288116395	-38.5092679365	101080
828	-89.0	-8.20524204137e-16	0.0129188550636	-34.0377115909	101169
829	-192.0	-8.20524204137e-16	0.0340756811202	-41.1694443428	101361
830	-105.0	-8.20524204137e-16	0.0494067333639	-38.8019005605	101466
831	-105.0	-8.20524204137e-16	0.00980926956981	-38.5578811941	101571
832	-84.0	-8.20524204137e-16	0.0227448754013	-32.7858003605	101655
833	-106.0	-8.20524204137e-16	0.0219646971673	-38.6867251475	101761
834	-106.0	-8.20524204137e-16	0.0421894155443	-38.4910714286	101867
835	-95.0	-8.20524204137e-16	0.0270376391709	-40.1478853778	101962
836	-105.0	-8.20524204137e-16	0.0204151328653	-39.0404825074	102067
837	-107.0	-8.20524204137e-16	0.0504472367465	-38.5921776685	102174
838	-105.0	-8.20524204137e-16	0.0137186227366	-38.6996618248	102279
839	-105.0	-8.20524204137e-16	0.0260268505663	-38.7675218202	102384
840	-109.0	-8.20524204137e-16	0.0110811945051	-39.0067724033	102493
841	-105.0	-8.20524204137e-16	0.0120770074427	-39.096095757	102598
842	-105.0	-8.20524204137e-16	0.00769680086523	-39.4639676821	102703
843	-88.0	-8.20524204137e-16	0.0130643546581	-35.0851609748	102791
844	-89.0	-8.20524204137e-16	0.0139632588252	-35.7039442933	102880
845	-84.0	-8.20524204137e-16	0.0136412698776	-33.4950996566	102964
846	-105.0	-8.20524204137e-16	0.00745810428634	-39.5487577552	103069
847	-103.0	-8.20524204137e-16	0.00858894921839	-38.30490858	103172
848	-105.0	-8.20524204137e-16	0.00568225374445	-39.2959454798	103277
849	-136.0	-8.20524204137e-16	0.00568670127541	-45.030412607	103413
850	-105.0	-8.20524204137e-16	0.00568452710286	-38.2639381725	103518
851	-104.0	-8.20524204137e-16	0.0129009336233	-38.0797828103	103622
852	-99.0	-8.20524204137e-16	0.00726688606665	-37.1956280434	103721
853	-99.0	-8.20524204137e-16	0.0397313982248	-36.5854249952	103820
854	-88.0	-8.20524204137e-16	0.019616369158	-33.057256085	103908
855	-85.0	-8.20524204137e-16	0.0164456684142	-32.8562782638	103993
856	-89.0	-8.20524204137e-16	0.0571220144629	-34.0218137998	104082
857	-106.0	-8.20524204137e-16	0.0324952453375	-38.2409155234	104188
858	-194.0	-8.20524204137e-16	0.0409217886627	-41.7207124224	104382
859	-106.0	-8.20524204137e-16	0.0227444060147	-37.9747623942	104488
860	-105.0	-8.20524204137e-16	0.0424904488027	-38.2909699315	104593
861	-84.0	-8.20524204137e-16	0.0557539239526	-32.2302457563	104677
862	-105.0	-8.20524204137e-16	0.0328082479537	-38.6441495975	104782
863	-104.0	-8.20524204137e-16	0.0518268793821	-38.6766339793	104886
864	-91.0	-8.20524204137e-16	0.0136469900608	-36.1752123217	104977
865	-94.0	-8.20524204137e-16	0.0183874182403	-37.4280486082	105071
866	-104.0	-8.20524204137e-16	0.0137196956202	-38.6918886946	105175
867	-86.0	-8.20524204137e-16	0.020521722734	-33.0495291664	105261
868	-104.0	-8.20524204137e-16	0.0142222708091	-38.2124699847	105365
869	-104.0	-8.20524204137e-16	0.0104332854971	-38.5323428122	105469
870	-91.0	-8.20524204137e-16	0.0159284248948	-35.5872671192	105560
871	-102.0	-8.20524204137e-16	0.0666956976056	-41.1330564139	105662
872	-96.0	-8.20524204137e-16	0.0140556385741	-38.3293138122	105758
873	-106.0	-8.20524204137e-16	0.0236526429653	-38.5151419696	105864
874	-97.0	-8.20524204137e-16	0.0397339612246	-37.836995174	105961
875	-109.0	-8.20524204137e-16	0.0438499972224	-38.3153335304	106070
876	-104.0	-8.20524204137e-16	0.018102651462	-38.3012830122	106174
877	-103.0	-8.20524204137e-16	0.0399246700108	-38.0301478615	106277
878	-104.0	-8.20524204137e-16	0.0112129217014	-37.7823835237	106381
879	-103.0	-8.20524204137e-16	0.00989279150963	-37.6177487408	106484
880	-104.0	-8.20524204137e-16	0.00687204906717	-37.8499721088	106588
881	-123.0	-8.20524204137e-16	0.00623645167798	-41.8348298693	106711
882	-104.0	-8.20524204137e-16	0.00980518665165	-38.5232936981	106815
883	-87.0	-8.20524204137e-16	0.00327417207882	-32.6811252367	106902
884	-99.0	-8.20524204137e-16	0.012468428351	-36.555988366	107001
885	-105.0	-8.20524204137e-16	0.00413895398378	-38.5872085322	107106
886	-104.0	-8.20524204137e-16	0.00469110673293	-37.9855500574	107210
887	-106.0	-8.20524204137e-16	0.00307609885931	-38.3880040707	107316
888	-104.0	-8.20524204137e-16	0.00416649878025	-37.6816642611	107420
889	-97.0	-8.20524204137e-16	0.00656603742391	-36.1795124516	107517
890	-104.0	-8.20524204137e-16	0.00711284717545	-38.5071494009	107621
891	-83.0	-8.20524204137e-16	0.00515478150919	-32.5864696273	107704
892	-103.0	-8.20524204137e-16	0.031722638756	-37.3110183223	107807
893	-105.0	-8.20524204137e-16	0.00524264480919	-38.2974475157	107912
894	-103.0	-8.20524204137e-16	0.00878532137722	-38.4758370351	108015
895	-104.0	-8.20524204137e-16	0.0104478327557	-38.2059501458	108119
896	-104.0	-8.20524204137e-16	0.00600048759952	-38.2430250817	108223
897	-104.0	-8.20524204137e-16	0.00940010510385	-38.1612509945	108327
898	-103.0	-8.20524204137e-16	0.0187354590744	-38.1455810105	108430
899	-97.0	-8.20524204137e-16	0.0115146180615	-36.0757087272	108527
900	-90.0	-8.20524204137e-16	0.0156250931323	-34.1464741548	108617
901	-107.0	-8.20524204137e-16	0.00918743759394	-39.0651126721	108724
902	-103.0	-8.20524204137e-16	0.0168976131827	-38.4958737776	108827
903	-104.0	-8.20524204137e-16	0.00523350667208	-39.0826873802	108931
904	-104.0	-8.20524204137e-16	0.0286762844771	-39.1450980357	109035
905	-96.0	-8.20524204137e-16	0.00645437277853	-37.0471956717	109131
906	-107.0	-8.20524204137e-16	0.00929170567542	-38.2819439384	109238
907	-93.0	-8.20524204137e-16	0.00645036250353	-35.0862445203	109331
908	-101.0	-8.20524204137e-16	0.0046584517695	-37.73472294	109432
909	-103.0	-8.20524204137e-16	0.0153293749318	-38.1888644742	109535
910	-104.0	-8.20524204137e-16	0.0137841226533	-37.7351815445	109639
911	-164.0	-8.20524204137e-16	0.0179354790598	-45.0503638641	109803
912	-96.0	-8.20524204137e-16	0.0189265087247	-35.7157908119	109899
913	-104.0	-8.20524204137e-16	0.0206251759082	-37.571578827	110003
914	-93.0	-8.20524204137e-16	0.00929222721606	-35.3261900281	110096
915	-87.0	-8.20524204137e-16	0.0155720729381	-33.1797631445	110183
916	-104.0	-8.20524204137e-16	0.0159247461706	-36.9906812451	110287
917	-200.0	-8.20524204137e-16	0.0269846692681	-39.2691571712	110487
918	-88.0	-8.20524204137e-16	0.0627732351422	-32.9992688408	110575
919	-86.0	-8.20524204137e-16	0.0861330479383	-33.1196997561	110661
920	-103.0	-8.20524204137e-16	0.0260287839919	-38.6477803709	110764
921	-104.0	-8.20524204137e-16	0.0271469112486	-38.4858351854	110868
922	-94.0	-8.20524204137e-16	0.0157573390752	-36.5548327299	110962
923	-86.0	-8.20524204137e-16	0.0210725106299	-32.9215524432	111048
924	-85.0	-8.20524204137e-16	0.0109212901443	-32.1624288117	111133
925	-103.0	-8.20524204137e-16	0.00973709858954	-37.4759483314	111236
926	-88.0	-8.20524204137e-16	0.013467640616	-33.1032469537	111324
927	-102.0	-8.20524204137e-16	0.00976187363267	-37.4191402653	111426
928	-105.0	-8.20524204137e-16	0.00457568001002	-37.7580284016	111531
929	-106.0	-8.20524204137e-16	0.00373551715165	-37.6158593848	111637
930	-88.0	-8.20524204137e-16	0.00339669710957	-33.0173976327	111725
931	-103.0	-8.20524204137e-16	0.0132577177137	-39.6620815796	111828
932	-150.0	-8.20524204137e-16	0.0164473298937	-39.2175895868	111978
933	-84.0	-8.20524204137e-16	0.0149034718052	-31.9197290682	112062
934	-165.0	-8.20524204137e-16	0.0253400504589	-46.5217670016	112227
935	-105.0	-8.20524204137e-16	0.149813637137	-36.8058398063	112332
936	-112.0	-8.20524204137e-16	0.051428090781	-36.9442894029	112444
937	-104.0	-8.20524204137e-16	0.0749418139458	-37.509712225	112548
938	-105.0	-8.20524204137e-16	0.0372982174158	-37.2082089157	112653
939	-105.0	-8.20524204137e-16	0.0357124358416	-36.7257903775	112758
940	-88.0	-8.20524204137e-16	0.0203129574656	-32.97529925	112846
941	-106.0	-8.20524204137e-16	0.0215036552399	-37.5055568713	112952
942	-108.0	-8.20524204137e-16	0.0214390084147	-38.1106692442	113060
943	-107.0	-8.20524204137e-16	0.0103030083701	-38.1451287498	113167
944	-86.0	-8.20524204137e-16	0.00725185405463	-33.1509970808	113253
945	-106.0	-8.20524204137e-16	0.022162783891	-39.3577485849	113359
946	-189.0	-8.20524204137e-16	0.023471288383	-40.7762362005	113548
947	-107.0	-8.20524204137e-16	0.0244227610528	-39.0204813336	113655
948	-93.0	-8.20524204137e-16	0.0176741871983	-36.3292431453	113748
949	-104.0	-8.20524204137e-16	0.0171024724841	-38.3741703469	113852
950	-104.0	-8.20524204137e-16	0.0175918415189	-38.8277386209	113956
951	-105.0	-8.20524204137e-16	0.0582364164293	-38.8057816869	114061
952	-104.0	-8.20524204137e-16	0.0197158884257	-38.4800849302	114165
953	-86.0	-8.20524204137e-16	0.0691858008504	-33.7433630048	114251
954	-105.0	-8.20524204137e-16	0.020217442885	-38.529469364	114356
955	-88.0	-8.20524204137e-16	0.0140189724043	-34.9375760779	114444
956	-103.0	-8.20524204137e-16	0.00990303512663	-38.7404952651	114547
957	-86.0	-8.20524204137e-16	0.00536800641567	-33.7901394839	114633
958	-103.0	-8.20524204137e-16	0.00626002205536	-38.6040501126	114736
959	-103.0	-8.20524204137e-16	0.00781321804971	-38.7556951926	114839
960	-83.0	-8.20524204137e-16	0.00684881117195	-33.0531424787	114922
961	-85.0	-8.20524204137e-16	0.00508505059406	-33.3615967512	115007
962	-116.0	-8.20524204137e-16	0.00471051828936	-40.6580434781	115123
963	-106.0	-8.20524204137e-16	0.00433080922812	-38.4212258152	115229
964	-106.0	-8.20524204137e-16	0.00344010465778	-38.4181375953	115335
965	-103.0	-8.20524204137e-16	0.00640202872455	-38.5404733848	115438
966	-103.0	-8.20524204137e-16	0.00381054007448	-38.5661222182	115541
967	-104.0	-8.20524204137e-16	0.0180587656796	-37.3092035582	115645
968	-103.0	-8.20524204137e-16	0.0137630682439	-37.8040424157	115748
969	-106.0	-8.20524204137e-16	0.0143837369978	-38.2951903668	115854
970	-99.0	-8.20524204137e-16	0.0631681159139	-36.3505487924	115953
971	-89.0	-8.20524204137e-16	0.00725790439174	-33.0531091985	116042
972	-200.0	-8.20524204137e-16	0.0260049309582	-41.0137670732	116242
973	-89.0	-8.20524204137e-16	0.0174691677094	-33.2456877178	116331
974	-83.0	-8.20524204137e-16	0.0320653803647	-32.4030223079	116414
975	-127.0	-8.20524204137e-16	0.0148018999025	-41.5963433803	116541
976	-166.0	-8.20524204137e-16	0.0461212880909	-46.6309889074	116707
977	-93.0	-8.20524204137e-16	0.0266750901937	-35.374188959	116800
978	-88.0	-8.20524204137e-16	0.0543879047036	-32.9267440192	116888
979	-105.0	-8.20524204137e-16	0.0709905028343	-38.3018455664	116993
980	-106.0	-8.20524204137e-16	0.113774873316	-38.4585379362	117099
981	-104.0	-8.20524204137e-16	0.0408579744399	-38.1691943355	117203
982	-132.0	-8.20524204137e-16	0.0254520382732	-43.3849093309	117335
983	-87.0	-8.20524204137e-16	0.01778293401	-33.9790709087	117422
984	-107.0	-8.20524204137e-16	0.019599199295	-38.8092679036	117529
985	-93.0	-8.20524204137e-16	0.0134840039536	-34.9458993494	117622
986	-108.0	-8.20524204137e-16	0.0098585030064	-37.9315088215	117730
987	-102.0	-8.20524204137e-16	0.0101312585175	-38.0531993403	117832
988	-105.0	-8.20524204137e-16	0.0190984476358	-38.8503917314	117937
989	-106.0	-8.20524204137e-16	0.0430115945637	-38.793915599	118043
990	-110.0	-8.20524204137e-16	0.00840878207237	-38.7573802634	118153
991	-108.0	-8.20524204137e-16	0.0105816954747	-38.8918743009	118261
992	-108.0	-8.20524204137e-16	0.00645944848657	-38.8188689034	118369
993	-93.0	-8.20524204137e-16	0.00752261653543	-34.1619318557	118462
994	-110.0	-8.20524204137e-16	0.00988739915192	-38.9836686915	118572
995	-105.0	-8.20524204137e-16	0.0133848637342	-38.4873287019	118677
996	-106.0	-8.20524204137e-16	0.00557022634894	-38.7711071614	118783
997	-107.0	-8.20524204137e-16	0.00535704474896	-38.330121447	118890
998	-108.0	-8.20524204137e-16	0.00452383980155	-38.669321409	118998
999	-149.0	-8.20524204137e-16	0.0347290486097	-39.6208906976	119147
