0	-1081.40390252	1	0	0.0	200
1	-1568.5414403	1	0	0.0	400
2	-970.727237708	1	0	0.0	600
3	-1056.10962482	1	0	0.0	800
4	-1026.73537742	1	0	0.0	1000
5	-1024.94446898	0.905	8.83279418945	-1.28495806098	1200
6	-896.187266365	0.805	9.11584186554	-5.84706110001	1400
7	-1150.20055635	0.705	5.90494680405	-28.6523399353	1600
8	-1094.50682301	0.605	8.45091056824	-53.0640627289	1800
9	-1100.23526704	0.505	4.57348680496	-76.7473952484	2000
10	-1291.59507867	0.405	5.16695356369	-109.499414139	2200
11	-824.44788133	0.305	6.1646900177	-129.342645569	2400
12	-1194.42845409	0.205	9.50907611847	-174.266729126	2600
13	-1105.17912502	0.105	7.82173871994	-197.833863983	2800
14	-262.947446548	0.005	12.3270788193	-185.704766769	3000
15	-916.768162864	-8.20524204137e-16	7.9114613533	-269.80600296	3200
16	-823.986036325	-8.20524204137e-16	8.40807533264	-273.118281555	3400
17	-265.954769382	-8.20524204137e-16	13.0100803375	-173.971586494	3600
18	-259.948538372	-8.20524204137e-16	7.67334699631	-167.927420082	3800
19	-1356.2167884	-8.20524204137e-16	11.1207666397	-246.311835098	4000
20	-1101.86977557	-8.20524204137e-16	19.3927173615	-229.525529327	4200
21	-806.849866413	-8.20524204137e-16	25.6532707214	-222.291626015	4400
22	-264.174228332	-8.20524204137e-16	29.5127906799	-116.398953228	4600
23	-3.34430271633	-8.20524204137e-16	14.8973083496	-49.8164790535	4800
24	-501.676554474	-8.20524204137e-16	40.0951728821	-155.972243614	5000
25	-130.509932822	-8.20524204137e-16	34.4337730408	-55.6035250282	5200
26	-3.53748890037	-8.20524204137e-16	20.2975063324	-27.6882856464	5400
27	-400.691675094	-8.20524204137e-16	11.3234634399	-99.8147772026	5600
28	-1369.90537228	-8.20524204137e-16	9.95902824402	-93.2383368506	5800
29	-129.075907432	-8.20524204137e-16	6.29438114166	-28.6061831713	6000
30	-6.57737688336	-8.20524204137e-16	4.68665456772	-21.1429554343	6200
31	-132.566068546	-8.20524204137e-16	2.7935860157	-27.9112472939	6400
32	-2.77652811454	-8.20524204137e-16	1.43619859219	-2.64369942725	6600
33	-144.338144508	-8.20524204137e-16	2.00751519203	-19.6847615047	6800
34	-363.136027866	-8.20524204137e-16	7.09864091873	-43.8413965133	7000
35	-254.975592578	-8.20524204137e-16	2.02330350876	-21.4727711029	7200
36	-915.099764064	-8.20524204137e-16	8.16208171844	-63.5887346125	7400
37	-250.575136217	-8.20524204137e-16	7.84608221054	-7.88192918777	7600
38	-137.38726728	-8.20524204137e-16	8.72581195831	-2.88085111678	7800
39	-291.691996976	-8.20524204137e-16	6.87118959427	-6.74575350136	8000
40	-235.621016615	-8.20524204137e-16	6.25862979889	1.41283302918	8200
41	-1313.02771607	-8.20524204137e-16	5.34449529648	-59.4788761141	8400
42	-123.635613122	-8.20524204137e-16	2.37589049339	14.5010655212	8600
43	-2.20933092319	-8.20524204137e-16	9.18893241882	22.8229551792	8800
44	-226.389705047	-8.20524204137e-16	2.26905298233	2.24090027332	9000
45	-122.562967804	-8.20524204137e-16	4.37827444077	6.13095045924	9200
46	-623.3784295	-8.20524204137e-16	2.06192326546	-2.11143792383	9400
47	-330.650777354	-8.20524204137e-16	5.83239507675	-11.1803051579	9600
48	-241.198241127	-8.20524204137e-16	2.4728717804	-3.80514471769	9800
49	-121.636154705	-8.20524204137e-16	5.02344322205	5.30513235331	10000
50	-243.520375002	-8.20524204137e-16	5.15499305725	-4.3835751462	10200
51	-127.468965453	-8.20524204137e-16	5.43091487885	1.71795654759	10400
52	-123.963722596	-8.20524204137e-16	4.51676750183	2.43075191982	10600
53	-121.450215073	-8.20524204137e-16	0.349962323904	4.826071693	10800
54	-515.425354163	-8.20524204137e-16	2.69597101212	-4.69635117292	11000
55	-1.62917808918	-8.20524204137e-16	2.27380847931	9.35706983566	11200
56	-233.208960642	-8.20524204137e-16	2.65082144737	-5.14085346341	11400
57	-232.92398153	-8.20524204137e-16	2.14952731133	-5.75709444284	11600
58	-4.2116553716	-8.20524204137e-16	4.8896727562	8.31196882963	11800
59	-235.431893223	-8.20524204137e-16	0.327758342028	-6.96731718421	12000
60	-214.718663478	-8.20524204137e-16	1.78832316399	-8.27966419041	12200
61	-3.94969501203	-8.20524204137e-16	4.57252120972	10.24106258	12400
62	-115.662441316	-8.20524204137e-16	0.361338615417	6.46387568951	12600
63	-131.378848389	-8.20524204137e-16	0.234780266881	-1.07591225982	12800
64	-229.286188047	-8.20524204137e-16	0.400039762259	-6.28442565039	13000
65	-117.447522087	-8.20524204137e-16	0.12145781517	4.7428094101	13200
66	-129.933679615	-8.20524204137e-16	0.571760177612	1.41343498468	13400
67	-118.409867599	-8.20524204137e-16	0.634273052216	3.53109489001	13600
68	-241.276186924	-8.20524204137e-16	0.0941976606846	-8.50557928324	13800
69	-238.038746786	-8.20524204137e-16	0.215692251921	-13.9647612017	14000
70	-381.689923984	-8.20524204137e-16	8.83810901642	-34.6976788712	14200
71	-232.506769727	-8.20524204137e-16	11.9366617203	-12.2679447141	14400
72	-114.699062682	-8.20524204137e-16	3.09966850281	-2.94000617191	14600
73	-226.863081159	-8.20524204137e-16	1.55831408501	-10.2646145371	14800
74	-519.605533678	-8.20524204137e-16	2.06268405914	-55.9655142093	15000
75	-1048.23633455	-8.20524204137e-16	5.55671310425	-44.0575802638	15200
76	-120.420391616	-8.20524204137e-16	5.49605083466	-1.87576468587	15400
77	-127.811488693	-8.20524204137e-16	4.43185281754	-1.12836217403	15600
78	-349.367027582	-8.20524204137e-16	3.26567101479	-18.5410732889	15800
79	-243.96773125	-8.20524204137e-16	2.64330649376	-10.3135955927	16000
80	-122.008637102	-8.20524204137e-16	0.504110276699	0.563243902922	16200
81	-360.354089059	-8.20524204137e-16	4.4412651062	-16.753227509	16400
82	-120.610728702	-8.20524204137e-16	0.594800412655	0.852770962119	16600
83	-118.615105241	-8.20524204137e-16	1.40392017365	-4.55378764927	16800
84	-119.662792047	-8.20524204137e-16	1.12466812134	-2.55171330944	17000
85	-121.149848592	-8.20524204137e-16	0.70112413168	-0.828080926239	17200
86	-230.877532545	-8.20524204137e-16	0.292521774769	-14.9259175855	17400
87	-116.611891576	-8.20524204137e-16	0.27717256546	2.50781752452	17600
88	-245.161411609	-8.20524204137e-16	0.568775951862	-9.84244491383	17800
89	-121.208995061	-8.20524204137e-16	0.614104151726	-1.17737036593	18000
90	-240.901484605	-8.20524204137e-16	0.58388376236	-9.62272197366	18200
91	-115.491405958	-8.20524204137e-16	0.436743050814	2.7464358703	18400
92	-234.357560545	-8.20524204137e-16	0.857254624367	-9.82497324929	18600
93	-1.5779424135	-8.20524204137e-16	0.402305096388	6.48311089277	18800
94	-120.457386321	-8.20524204137e-16	0.256109118462	0.146332359314	19000
95	-232.741608461	-8.20524204137e-16	0.539327561855	-12.832604841	19200
96	-127.230546257	-8.20524204137e-16	0.0839384719729	-1.76188241541	19400
97	-354.575143503	-8.20524204137e-16	0.941151678562	-27.6294112283	19600
98	-235.742762072	-8.20524204137e-16	0.883886158466	-13.8223384634	19800
99	-121.40252852	-8.20524204137e-16	0.557016670704	-1.74545832157	20000
100	-227.097901631	-8.20524204137e-16	1.10737848282	-16.3601795918	20200
101	-128.393027266	-8.20524204137e-16	0.830615818501	-3.79546912253	20400
102	-224.705230822	-8.20524204137e-16	1.1246483326	-10.8843562345	20600
103	-128.539273807	-8.20524204137e-16	0.558147728443	-3.60341280609	20800
104	-132.463745258	-8.20524204137e-16	0.277018517256	0.442769278586	21000
105	-329.515816048	-8.20524204137e-16	0.393633306026	-20.4684547018	21200
106	-236.835386872	-8.20524204137e-16	0.425259172916	-7.75538432196	21400
107	-118.862338884	-8.20524204137e-16	1.45765042305	-0.905956702828	21600
108	-123.755654337	-8.20524204137e-16	0.269335925579	-2.50710000277	21800
109	-1.97442362025	-8.20524204137e-16	0.800749957561	3.17415454149	22000
110	-124.650641302	-8.20524204137e-16	0.553016543388	-2.00870947979	22200
111	-2.85512028906	-8.20524204137e-16	0.16504573822	1.9898688361	22400
112	-117.795108222	-8.20524204137e-16	0.0581772997975	-1.20167551145	22600
113	-119.120298682	-8.20524204137e-16	0.046559561044	-2.66405933738	22800
114	-2.76944549753	-8.20524204137e-16	0.225160554051	2.936278257	23000
115	-256.986429377	-8.20524204137e-16	0.101179689169	-16.2052681541	23200
116	-132.211386705	-8.20524204137e-16	0.0676440596581	-7.75376556531	23400
117	-115.988973382	-8.20524204137e-16	0.254641413689	-0.963608651757	23600
118	-126.549274328	-8.20524204137e-16	0.251746684313	-2.44017800957	23800
119	-2.91215140673	-8.20524204137e-16	0.26457631588	3.62816070199	24000
120	-229.035405195	-8.20524204137e-16	1.13318300247	-13.5107046524	24200
121	-231.697436495	-8.20524204137e-16	0.757375538349	-12.222426991	24400
122	-246.419508652	-8.20524204137e-16	0.404768526554	-16.7863373592	24600
123	-115.687523711	-8.20524204137e-16	0.151437774301	-3.41692550257	24800
124	-1.68921454249	-8.20524204137e-16	0.225871026516	1.99074403107	25000
125	-131.302076357	-8.20524204137e-16	0.373589485884	-3.61304118663	25200
126	-126.433812368	-8.20524204137e-16	1.03686463833	-3.84575107098	25400
127	-253.548920852	-8.20524204137e-16	0.337077975273	-11.0248853242	25600
128	-240.970238106	-8.20524204137e-16	0.395363986492	-16.6387042672	25800
129	-125.473554475	-8.20524204137e-16	0.203435719013	-6.3257425493	26000
130	-4.70048638561	-8.20524204137e-16	0.310439556837	2.30623659909	26200
131	-3.36220616669	-8.20524204137e-16	0.881356716156	3.7001574111	26400
132	-434.785019957	-8.20524204137e-16	0.291661798954	-42.4578534552	26600
133	-1191.74711912	-8.20524204137e-16	1.39054334164	-52.0808090049	26800
134	-318.588710901	-8.20524204137e-16	2.39929556847	-25.3086560965	27000
135	-390.182695936	-8.20524204137e-16	4.91873931885	-28.0878715143	27200
136	-239.503249346	-8.20524204137e-16	9.47035312653	-7.33027918577	27400
137	-131.370271507	-8.20524204137e-16	6.86988210678	0.815168084502	27600
138	-700.029525332	-8.20524204137e-16	1.34251081944	-81.331623311	27800
139	-125.692473404	-8.20524204137e-16	0.501070082188	2.86522511408	28000
140	-122.021903195	-8.20524204137e-16	0.366630852222	4.2579562664	28200
141	-121.139686639	-8.20524204137e-16	0.411008417606	4.12418472052	28400
142	-244.682105326	-8.20524204137e-16	1.89991939068	-13.4917196727	28600
143	-130.863806962	-8.20524204137e-16	0.13907662034	-4.14546727419	28800
144	-650.332163179	-8.20524204137e-16	2.33716011047	-24.8393636701	29000
145	-248.165553198	-8.20524204137e-16	3.04174041748	-13.9662561662	29200
146	-2.37052763049	-8.20524204137e-16	2.7049202919	8.36747611284	29400
147	-957.612072039	-8.20524204137e-16	1.5953694582	-69.1073992109	29600
148	-127.173574609	-8.20524204137e-16	5.42726993561	2.12295269229	29800
149	-129.877135123	-8.20524204137e-16	1.42585933208	-0.688181129694	30000
150	-1.9030167851	-8.20524204137e-16	0.72047162056	8.23750338316	30200
151	-349.978943892	-8.20524204137e-16	1.48183059692	-18.7202605736	30400
152	-116.582034352	-8.20524204137e-16	0.41940176487	3.34054125547	30600
153	-126.209069408	-8.20524204137e-16	0.577429294586	-11.4742755337	30800
154	-123.453712291	-8.20524204137e-16	0.206129282713	-4.62508304358	31000
155	-128.60300329	-8.20524204137e-16	0.736917197704	-1.60207967341	31200
156	-126.673272132	-8.20524204137e-16	0.401543110609	-1.12085853122	31400
157	-128.791919994	-8.20524204137e-16	0.160050064325	-5.36292261839	31600
158	-127.789596098	-8.20524204137e-16	0.302666306496	-2.00067818165	31800
159	-128.384313546	-8.20524204137e-16	0.135403811932	-6.72336212456	32000
160	-2.20141918011	-8.20524204137e-16	0.211977437139	5.56258373499	32200
161	-130.499654564	-8.20524204137e-16	0.541008710861	-11.1376378274	32400
162	-130.03872051	-8.20524204137e-16	0.262279629707	-6.63951891005	32600
163	-242.870753822	-8.20524204137e-16	0.59879565239	-13.4448061898	32800
164	-240.61475157	-8.20524204137e-16	0.483919799328	-13.8649008319	33000
165	-246.142537	-8.20524204137e-16	0.294410169125	-19.4126787528	33200
166	-120.879475027	-8.20524204137e-16	0.503349304199	-3.78200324163	33400
167	-1.77706875138	-8.20524204137e-16	0.108616225421	0.854897891283	33600
168	-114.70663596	-8.20524204137e-16	0.365362823009	-5.24783740804	33800
169	-118.867978862	-8.20524204137e-16	0.125342294574	-3.25426872853	34000
170	-119.208465862	-8.20524204137e-16	0.109758280218	-3.27036238194	34200
171	-232.283051765	-8.20524204137e-16	0.137407973409	-14.1132973722	34400
172	-127.476447021	-8.20524204137e-16	0.113958127797	-4.29969345048	34600
173	-258.32042034	-8.20524204137e-16	0.974762022495	-19.3251144212	34800
174	-121.301980586	-8.20524204137e-16	0.26746815443	-2.59486420169	35000
175	-116.838247153	-8.20524204137e-16	0.298185378313	-2.02712242156	35200
176	-1.73570005173	-8.20524204137e-16	0.0398226231337	2.88782248497	35400
177	-127.674642854	-8.20524204137e-16	0.125795722008	-5.17933108628	35600
178	-126.676949018	-8.20524204137e-16	0.440801978111	-5.0978272818	35800
179	-239.194571714	-8.20524204137e-16	0.218471735716	-15.3231968811	36000
180	-131.041828311	-8.20524204137e-16	0.11896327883	-8.33170605063	36200
181	-248.112523986	-8.20524204137e-16	0.324587643147	-21.0803114474	36400
182	-242.807064146	-8.20524204137e-16	0.116607278585	-15.9819881412	36600
183	-117.893343164	-8.20524204137e-16	0.0897477045655	-2.80116907217	36800
184	-838.206609055	-8.20524204137e-16	3.37428164482	-97.739645627	37000
185	-4.13519339404	-8.20524204137e-16	1.79524278641	2.20807707831	37200
186	-125.739914883	-8.20524204137e-16	1.30511522293	-0.722347067595	37400
187	-1212.95339464	-8.20524204137e-16	3.49986386299	18.4725912312	37600
188	-791.525877362	-8.20524204137e-16	4.85642051697	1.39148696803	37800
189	-128.461845576	-8.20524204137e-16	4.19118690491	20.0658253127	38000
190	-114.86936679	-8.20524204137e-16	6.99381399155	22.5810101044	38200
191	-236.634951955	-8.20524204137e-16	2.49975562096	13.0433976974	38400
192	-956.940125077	-8.20524204137e-16	1.62206602097	-100.660596853	38600
193	-9.84741276044	-8.20524204137e-16	0.720412671566	25.6142177248	38800
194	-271.66667407	-8.20524204137e-16	0.801745295525	11.830468775	39000
195	-121.058856507	-8.20524204137e-16	0.998581290245	18.2856196332	39200
196	-130.071864873	-8.20524204137e-16	0.498426347971	14.7396221411	39400
197	-395.327909516	-8.20524204137e-16	0.392471969128	-1.96009677887	39600
198	-129.367272989	-8.20524204137e-16	0.94031393528	16.25183025	39800
199	-130.960435079	-8.20524204137e-16	0.563407182693	14.1100367439	40000
200	-230.611816618	-8.20524204137e-16	0.9036860466	7.33958851308	40200
201	-245.6342515	-8.20524204137e-16	0.420304119587	3.78932818413	40400
202	-240.987996355	-8.20524204137e-16	0.587669014931	1.89865015998	40600
203	-3.42019512861	-8.20524204137e-16	0.124875470996	17.9795645905	40800
204	-247.159614225	-8.20524204137e-16	0.25362432003	-8.54159153894	41000
205	-244.629775582	-8.20524204137e-16	0.204373985529	-3.76110250369	41200
206	-120.713376024	-8.20524204137e-16	0.335908472538	9.54558141232	41400
207	-117.689619376	-8.20524204137e-16	1.43081176281	5.30811608613	41600
208	-121.820649874	-8.20524204137e-16	0.321486651897	3.54746966243	41800
209	-117.276648819	-8.20524204137e-16	0.13748678565	8.29563119888	42000
210	-280.524185891	-8.20524204137e-16	0.433756262064	-15.454865036	42200
211	-120.460837338	-8.20524204137e-16	0.986935138702	5.8011486201	42400
212	-2.03632604093	-8.20524204137e-16	0.392368406057	10.6445513868	42600
213	-356.935514616	-8.20524204137e-16	0.252493232489	-20.1032048987	42800
214	-137.09750689	-8.20524204137e-16	0.35138386488	-2.84885574996	43000
215	-121.247365205	-8.20524204137e-16	0.957963049412	5.20996863961	43200
216	-121.630536955	-8.20524204137e-16	0.519940912724	0.486747797728	43400
217	-234.808060986	-8.20524204137e-16	0.273060381413	-9.02432684898	43600
218	-4.82703760887	-8.20524204137e-16	0.590475678444	9.75389348269	43800
219	-129.239627238	-8.20524204137e-16	0.110344201326	4.30493157834	44000
220	-128.689202206	-8.20524204137e-16	0.0241473801434	5.13102346934	44200
221	-130.009009895	-8.20524204137e-16	0.133440986276	0.642158670425	44400
222	-3.20430889639	-8.20524204137e-16	0.0363576449454	8.56255590439	44600
223	-251.475720121	-8.20524204137e-16	0.0857932195067	-12.4548040751	44800
224	-124.540318357	-8.20524204137e-16	0.0739783421159	2.92898387998	45000
225	-241.287907473	-8.20524204137e-16	0.528560638428	-5.18943575621	45200
226	-130.279679973	-8.20524204137e-16	0.362410306931	-2.7867791605	45400
227	-274.35542123	-8.20524204137e-16	0.405712217093	-19.646304148	45600
228	-229.746851828	-8.20524204137e-16	1.38602244854	-9.71019806623	45800
229	-118.498986583	-8.20524204137e-16	0.642692506313	-0.268868941665	46000
230	-234.222430058	-8.20524204137e-16	0.374156266451	-12.6739061588	46200
231	-650.330409291	-8.20524204137e-16	2.36733555794	-44.0531361067	46400
232	-250.243959985	-8.20524204137e-16	3.1772146225	-10.800749433	46600
233	-121.98532977	-8.20524204137e-16	2.08959817886	-1.93406762123	46800
234	-129.91334566	-8.20524204137e-16	0.731571137905	0.35672984384	47000
235	-5.41236934106	-8.20524204137e-16	0.570185065269	9.51998367786	47200
236	-130.113099023	-8.20524204137e-16	0.0854712501168	1.47854480267	47400
237	-121.239955179	-8.20524204137e-16	0.210102006793	6.85810167074	47600
238	-123.323458036	-8.20524204137e-16	0.0922309309244	5.46275972486	47800
239	-232.814953276	-8.20524204137e-16	0.127594649792	-9.45528104931	48000
240	-119.277346981	-8.20524204137e-16	0.120132245123	4.09773281574	48200
241	-125.044247485	-8.20524204137e-16	0.0337396487594	1.40630195886	48400
242	-117.98895128	-8.20524204137e-16	0.0478720851243	3.51593255371	48600
243	-117.986362428	-8.20524204137e-16	0.153749540448	2.71370769739	48800
244	-130.437795354	-8.20524204137e-16	0.0954628884792	-4.99211193413	49000
245	-117.359567906	-8.20524204137e-16	0.162209734321	1.51259036928	49200
246	-237.674211946	-8.20524204137e-16	0.18892365694	-12.4368574211	49400
247	-119.13038077	-8.20524204137e-16	0.106918722391	1.00390183955	49600
248	-394.721199792	-8.20524204137e-16	0.429493308067	-29.8895149058	49800
249	-224.642993891	-8.20524204137e-16	0.319641023874	-10.1554035473	50000
250	-226.903097406	-8.20524204137e-16	0.94701975584	-9.69163860291	50200
251	-334.595582324	-8.20524204137e-16	0.774459242821	-26.0936135447	50400
252	-130.538442626	-8.20524204137e-16	1.41849076748	-3.07614022374	50600
253	-119.217866237	-8.20524204137e-16	1.30949902534	0.361160804704	50800
254	-223.421010127	-8.20524204137e-16	0.419935256243	-11.0021358591	51000
255	-117.354342836	-8.20524204137e-16	0.412563681602	1.09966508195	51200
256	-127.546498346	-8.20524204137e-16	0.295604616404	-1.80184366047	51400
257	-129.535669068	-8.20524204137e-16	0.0880914032459	-5.9886579299	51600
258	-128.835857304	-8.20524204137e-16	0.0605577453971	-3.34678673387	51800
259	-243.552717285	-8.20524204137e-16	0.158463075757	-14.6545202291	52000
260	-127.602186611	-8.20524204137e-16	0.100537903607	-2.58655699581	52200
261	-129.037881401	-8.20524204137e-16	0.117948025465	-5.5734430027	52400
262	-117.445104477	-8.20524204137e-16	0.891472697258	-2.71275426537	52600
263	-307.996097062	-8.20524204137e-16	1.11475014687	-28.6048346448	52800
264	-242.183896744	-8.20524204137e-16	0.140528947115	-11.1357415342	53000
265	-239.850902082	-8.20524204137e-16	0.555927097797	-11.6064972109	53200
266	-244.75917823	-8.20524204137e-16	0.413772284985	-23.020720344	53400
267	-137.605521188	-8.20524204137e-16	1.10812687874	-11.5191224337	53600
268	-138.407896784	-8.20524204137e-16	0.616291940212	-10.4609050113	53800
269	-233.948523951	-8.20524204137e-16	0.792512655258	-11.3181075592	54000
270	-332.142815678	-8.20524204137e-16	0.473690986633	-23.1997782856	54200
271	-128.181628707	-8.20524204137e-16	0.238337367773	-2.766152343	54400
272	-127.931719225	-8.20524204137e-16	0.115208618343	-3.8205474627	54600
273	-118.540499228	-8.20524204137e-16	0.277805685997	-0.206546933651	54800
274	-122.942363902	-8.20524204137e-16	0.124244563282	-2.12930793971	55000
275	-126.822374372	-8.20524204137e-16	0.0399443358183	-3.08623735219	55200
276	-882.194654315	-8.20524204137e-16	0.326574325562	-112.220986895	55400
277	-3.21558881168	-8.20524204137e-16	0.562039196491	4.86526550889	55600
278	-238.100795904	-8.20524204137e-16	0.335802674294	-14.063303349	55800
279	-385.436584612	-8.20524204137e-16	0.23305568099	-40.9409868002	56000
280	-121.324696339	-8.20524204137e-16	0.480868726969	-1.26866957121	56200
281	-127.886227971	-8.20524204137e-16	0.0736501663923	-3.38049329489	56400
282	-117.353993736	-8.20524204137e-16	0.415165543556	-1.57721371651	56600
283	-523.020391831	-8.20524204137e-16	1.926222682	-25.1398814122	56800
284	-132.030035523	-8.20524204137e-16	2.4886071682	-4.86650764249	57000
285	-264.011304781	-8.20524204137e-16	1.08170437813	-17.7446536842	57200
286	-127.749992812	-8.20524204137e-16	1.57996952534	-0.0881701302528	57400
287	-125.490855835	-8.20524204137e-16	0.572517991066	4.98701803446	57600
288	-129.22255183	-8.20524204137e-16	0.0962486937642	2.76466716625	57800
289	-2.59998835518	-8.20524204137e-16	0.051869764924	8.00967437506	58000
290	-119.062587349	-8.20524204137e-16	0.0288516040891	3.03848507702	58200
291	-125.606855731	-8.20524204137e-16	0.0155510492623	-0.634602049589	58400
292	-382.886581047	-8.20524204137e-16	0.299087166786	-18.3477644831	58600
293	-347.679676541	-8.20524204137e-16	9.03845596313	-27.8093606752	58800
294	-130.52718647	-8.20524204137e-16	4.07382059097	0.24129361093	59000
295	-247.547105186	-8.20524204137e-16	2.27504444122	-7.942614941	59200
296	-3.31164611499	-8.20524204137e-16	2.4684112072	12.4864716005	59400
297	-117.065630009	-8.20524204137e-16	0.153613343835	8.25285380363	59600
298	-126.124768283	-8.20524204137e-16	0.105191744864	5.93578528225	59800
299	-127.005464332	-8.20524204137e-16	0.15914195776	4.23638744593	60000
300	-118.654247511	-8.20524204137e-16	0.0570929199457	4.59483788058	60200
301	-349.050129791	-8.20524204137e-16	0.0570558831096	-25.5253554998	60400
302	-121.485247667	-8.20524204137e-16	0.415621399879	5.37904607534	60600
303	-119.175907506	-8.20524204137e-16	0.114323027432	2.10803013444	60800
304	-129.823052819	-8.20524204137e-16	0.246420443058	-0.172125834674	61000
305	-116.724885265	-8.20524204137e-16	0.121713466942	1.79972441196	61200
306	-128.075426656	-8.20524204137e-16	0.162339150906	-1.98078893453	61400
307	-123.238637896	-8.20524204137e-16	0.586081027985	0.57817516923	61600
308	-225.52345322	-8.20524204137e-16	0.238898187876	-8.68466023743	61800
309	-343.841701042	-8.20524204137e-16	0.249394714832	-24.2064638057	62000
310	-3.43925331126	-8.20524204137e-16	0.125983580947	6.58128502369	62200
311	-3.00109201543	-8.20524204137e-16	0.229431271553	5.48413588762	62400
312	-127.338319697	-8.20524204137e-16	0.10579007864	-2.49838962793	62600
313	-240.838497135	-8.20524204137e-16	1.64369165897	-11.3231992638	62800
314	-122.834791985	-8.20524204137e-16	0.0729054808617	-1.03678860188	63000
315	-117.773018843	-8.20524204137e-16	0.127915427089	2.99210084796	63200
316	-3.02761956655	-8.20524204137e-16	0.467115163803	7.44322410703	63400
317	-126.158124448	-8.20524204137e-16	0.087552793324	-2.87965645432	63600
318	-123.905319415	-8.20524204137e-16	0.0863371565938	0.786497378647	63800
319	-120.516975435	-8.20524204137e-16	0.122344024479	0.723069534004	64000
320	-481.564742029	-8.20524204137e-16	0.137798815966	-55.6515368181	64200
321	-118.693980965	-8.20524204137e-16	0.160599157214	2.30841368899	64400
322	-238.065256484	-8.20524204137e-16	0.52900826931	-10.0830432262	64600
323	-128.462082323	-8.20524204137e-16	0.06221197173	-0.76738107577	64800
324	-321.603194171	-8.20524204137e-16	0.633621037006	-21.0064074987	65000
325	-241.627226222	-8.20524204137e-16	0.0556380003691	-15.450795102	65200
326	-128.955662568	-8.20524204137e-16	0.0665795132518	-3.0677022171	65400
327	-2.09014927787	-8.20524204137e-16	0.0829541087151	5.58133619308	65600
328	-116.099231179	-8.20524204137e-16	0.0862599089742	0.798779697567	65800
329	-2.40376592949	-8.20524204137e-16	0.0143099687994	5.06074686766	66000
330	-219.106398998	-8.20524204137e-16	0.390092760324	-14.3820774421	66200
331	-258.890767405	-8.20524204137e-16	2.84234857559	-5.06845883295	66400
332	-324.662992211	-8.20524204137e-16	0.484056174755	-15.0734842265	66600
333	-301.16220701	-8.20524204137e-16	0.383263975382	-18.0892633909	66800
334	-248.612786988	-8.20524204137e-16	0.656193614006	0.580918906331	67000
335	-130.658429827	-8.20524204137e-16	1.76371049881	1.20555888593	67200
336	-647.01919685	-8.20524204137e-16	1.83483052254	-79.5012774555	67400
337	-243.62935038	-8.20524204137e-16	0.341082006693	-13.7936809099	67600
338	-127.884796477	-8.20524204137e-16	0.0807803422213	-2.46809660077	67800
339	-232.021181815	-8.20524204137e-16	0.105928279459	-11.7277585789	68000
340	-125.623946927	-8.20524204137e-16	0.374231755733	-1.38443516344	68200
341	-242.610098987	-8.20524204137e-16	0.183518663049	-14.5818010457	68400
342	-123.792902746	-8.20524204137e-16	0.611151397228	-2.20390408725	68600
343	-4.62762665763	-8.20524204137e-16	0.150855794549	3.65010008514	68800
344	-127.982599857	-8.20524204137e-16	0.0902839973569	-3.69444701374	69000
345	-3.3017424525	-8.20524204137e-16	0.05791323632	4.26237893462	69200
346	-351.25928903	-8.20524204137e-16	0.411966830492	-32.4899206917	69400
347	-117.361754829	-8.20524204137e-16	0.168046414852	0.00694727480412	69600
348	-137.852523089	-8.20524204137e-16	0.112805850804	-4.82079564176	69800
349	-3.33719597395	-8.20524204137e-16	0.0784832313657	4.17661176562	70000
350	-4.21791762194	-8.20524204137e-16	0.0215302687138	4.10330920815	70200
351	-117.90657019	-8.20524204137e-16	0.0128395901993	-0.899000804126	70400
352	-364.318513931	-8.20524204137e-16	0.13534373045	-31.8567196584	70600
353	-242.847254885	-8.20524204137e-16	0.349310725927	-12.8268925956	70800
354	-391.846396991	-8.20524204137e-16	0.901484310627	-36.3790926272	71000
355	-121.486142875	-8.20524204137e-16	1.56535863876	-0.930234030485	71200
356	-119.018064235	-8.20524204137e-16	0.132168233395	0.126231601089	71400
357	-298.184705192	-8.20524204137e-16	0.587818264961	-28.7934719068	71600
358	-125.977130515	-8.20524204137e-16	0.0677536949515	-2.4999216868	71800
359	-133.888052124	-8.20524204137e-16	0.0984397009015	-2.61410918027	72000
360	-333.593019484	-8.20524204137e-16	0.562560796738	-20.7167237854	72200
361	-124.513123019	-8.20524204137e-16	0.50265610218	0.019309103936	72400
362	-4.81053842631	-8.20524204137e-16	0.0505252741277	5.07517106771	72600
363	-249.937025896	-8.20524204137e-16	0.928093492985	-11.6008124778	72800
364	-236.814259049	-8.20524204137e-16	0.210564658046	-11.7845849761	73000
365	-4.72676532377	-8.20524204137e-16	0.0743648186326	4.37171632886	73200
366	-123.792552097	-8.20524204137e-16	0.113569401205	-2.6277118355	73400
367	-123.743524434	-8.20524204137e-16	0.0173384491354	-2.54648283541	73600
368	-127.354346924	-8.20524204137e-16	0.0859874933958	-1.85523623049	73800
369	-120.776348535	-8.20524204137e-16	0.103368081152	-2.06569536924	74000
370	-367.400983173	-8.20524204137e-16	0.266078561544	-31.745187149	74200
371	-229.006160157	-8.20524204137e-16	0.170581638813	-14.8011555696	74400
372	-4.09563996017	-8.20524204137e-16	0.430650144815	1.87034141362	74600
373	-118.322342223	-8.20524204137e-16	0.144116833806	-2.16887542397	74800
374	-120.239682318	-8.20524204137e-16	0.136863142252	-1.56243715085	75000
375	-236.835533384	-8.20524204137e-16	0.123479269445	-11.6890634078	75200
376	-119.128808748	-8.20524204137e-16	0.0501032844186	-1.3453587006	75400
377	-119.486101633	-8.20524204137e-16	0.0244152862579	-0.703857798576	75600
378	-368.234791674	-8.20524204137e-16	1.53419423103	-38.9934909487	75800
379	-124.226335131	-8.20524204137e-16	0.178303942084	-2.45525713682	76000
380	-125.273559122	-8.20524204137e-16	0.125810265541	-3.17962010682	76200
381	-263.924654115	-8.20524204137e-16	0.549472510815	-22.1737366718	76400
382	-122.976457554	-8.20524204137e-16	0.457498192787	-5.12607821241	76600
383	-307.120805352	-8.20524204137e-16	0.728948891163	-27.7574195987	76800
384	-128.246480783	-8.20524204137e-16	0.243030592799	-4.25873765051	77000
385	-392.401402292	-8.20524204137e-16	0.306159257889	-35.2460052429	77200
386	-116.765669868	-8.20524204137e-16	0.258280783892	-0.64786000222	77400
387	-252.98425821	-8.20524204137e-16	0.390483617783	-14.0940031362	77600
388	-124.388495117	-8.20524204137e-16	0.103067085147	-2.56181493819	77800
389	-659.5585454	-8.20524204137e-16	0.989247739315	-39.5630453497	78000
390	-263.802752809	-8.20524204137e-16	1.86857938766	-19.278129054	78200
391	-243.399471256	-8.20524204137e-16	1.13893377781	-11.6788077118	78400
392	-132.738199281	-8.20524204137e-16	0.889172613621	-3.02550939947	78600
393	-125.394552023	-8.20524204137e-16	0.093103736639	-0.299342111349	78800
394	-229.355416277	-8.20524204137e-16	0.124090708792	-10.4626969565	79000
395	-125.716917017	-8.20524204137e-16	0.0715722367167	0.209192306101	79200
396	-7.49619743784	-8.20524204137e-16	0.0171297844499	5.8234975034	79400
397	-125.333984123	-8.20524204137e-16	0.02051179111	-1.09826123029	79600
398	-497.040432334	-8.20524204137e-16	0.121876344085	-49.2034336364	79800
399	-126.158608123	-8.20524204137e-16	0.242521420121	-8.59637702703	80000
400	-131.533850504	-8.20524204137e-16	0.157089099288	-2.85770289734	80200
401	-223.739338011	-8.20524204137e-16	0.318300396204	-12.7763640902	80400
402	-241.942010371	-8.20524204137e-16	0.654528439045	-12.9961792144	80600
403	-238.062347641	-8.20524204137e-16	1.71689176559	-8.39026744157	80800
404	-132.862934941	-8.20524204137e-16	0.397514104843	-1.41691748872	81000
405	-133.851738849	-8.20524204137e-16	0.972090482712	-2.45508081704	81200
406	-119.841632663	-8.20524204137e-16	6.04305839539	4.78762328148	81400
407	-129.227780476	-8.20524204137e-16	0.107662916183	0.143489789367	81600
408	-246.301181128	-8.20524204137e-16	0.31633707881	-7.04851290397	81800
409	-118.601865101	-8.20524204137e-16	0.15143750608	6.62077069402	82000
410	-360.042346747	-8.20524204137e-16	0.163022041321	-27.6236435767	82200
411	-117.640200525	-8.20524204137e-16	0.241875037551	6.79147477113	82400
412	-219.065791729	-8.20524204137e-16	0.144974157214	-8.19934813499	82600
413	-366.191617963	-8.20524204137e-16	0.0937623977661	-27.0227977315	82800
414	-115.835358935	-8.20524204137e-16	0.109130524099	5.33831570983	83000
415	-126.350659364	-8.20524204137e-16	0.115498892963	2.25321578056	83200
416	-118.173608296	-8.20524204137e-16	0.051447533071	4.5527832	83400
417	-126.89309013	-8.20524204137e-16	0.0996723547578	1.4489311713	83600
418	-242.016965402	-8.20524204137e-16	0.543578624725	-8.97659996986	83800
419	-127.560861084	-8.20524204137e-16	0.260867297649	3.99059366152	84000
420	-116.677778711	-8.20524204137e-16	0.196484014392	5.41233157277	84200
421	-235.46626011	-8.20524204137e-16	0.100601814687	-6.14400131777	84400
422	-2.76442850885	-8.20524204137e-16	0.0309340618551	8.97662354469	84600
423	-133.525555312	-8.20524204137e-16	0.0161765459925	-3.26728461266	84800
424	-120.655106456	-8.20524204137e-16	0.0662716701627	2.79401303113	85000
425	-2.60833673246	-8.20524204137e-16	0.00932488869876	7.6055624795	85200
426	-3.3060753753	-8.20524204137e-16	0.00495992321521	7.36446702242	85400
427	-129.917411651	-8.20524204137e-16	0.0646463036537	0.0112264335155	85600
428	-120.826414413	-8.20524204137e-16	0.0174410454929	2.51975340188	85800
429	-3.57014710448	-8.20524204137e-16	0.0123547948897	7.67943593979	86000
430	-123.439302705	-8.20524204137e-16	0.0165840107948	1.11152552307	86200
431	-129.982193971	-8.20524204137e-16	0.165246084332	-1.20600761071	86400
432	-1483.48672177	-8.20524204137e-16	10.5141878128	-220.521953678	86600
433	-227.356036861	-8.20524204137e-16	1.38514113426	-7.18726031125	86800
434	-122.991493989	-8.20524204137e-16	0.581034898758	4.64244153559	87000
435	-238.13042175	-8.20524204137e-16	0.304758876562	-10.805475945	87200
436	-125.502006023	-8.20524204137e-16	0.26845562458	3.61517046586	87400
437	-119.945403284	-8.20524204137e-16	0.029000999406	4.07020623505	87600
438	-126.039632854	-8.20524204137e-16	0.0250170752406	2.23582155466	87800
439	-3.08414302518	-8.20524204137e-16	0.0262225344777	8.22410413027	88000
440	-120.383401677	-8.20524204137e-16	0.010832070373	2.20784487247	88200
441	-1094.06873336	-8.20524204137e-16	1.29581451416	-50.7210357594	88400
442	-130.906204565	-8.20524204137e-16	1.13868260384	0.944939249754	88600
443	-246.90551786	-8.20524204137e-16	1.3279582262	-6.45922854364	88800
444	-244.296355077	-8.20524204137e-16	0.525289297104	-6.14129045665	89000
445	-116.895179989	-8.20524204137e-16	0.2825974226	5.24510164708	89200
446	-238.083663063	-8.20524204137e-16	0.0532536059618	-6.39994439244	89400
447	-122.010525573	-8.20524204137e-16	0.0916657075286	3.09817217767	89600
448	-788.309997681	-8.20524204137e-16	4.20459699631	-44.7652272975	89800
449	-132.09853066	-8.20524204137e-16	1.11631715298	-1.0942721191	90000
450	-315.926827457	-8.20524204137e-16	1.66861414909	-19.5562149079	90200
451	-129.87051284	-8.20524204137e-16	0.602757930756	0.108510398865	90400
452	-118.116955597	-8.20524204137e-16	0.235021293163	3.69406881005	90600
453	-332.74915691	-8.20524204137e-16	0.419063299894	-22.8539174879	90800
454	-123.887810308	-8.20524204137e-16	0.125661551952	0.947316488475	91000
455	-238.379797778	-8.20524204137e-16	0.0908941626549	-12.773751948	91200
456	-262.074094375	-8.20524204137e-16	0.113045409322	-15.5711995143	91400
457	-126.170452478	-8.20524204137e-16	0.245510309935	-3.63381765962	91600
458	-121.236374576	-8.20524204137e-16	0.0926884114742	-0.89313157171	91800
459	-130.172201738	-8.20524204137e-16	0.0984984412789	-2.21401781157	92000
460	-247.617517072	-8.20524204137e-16	0.168853774667	-16.8954709977	92200
461	-253.416199043	-8.20524204137e-16	0.253470391035	-22.6460542867	92400
462	-116.66742421	-8.20524204137e-16	0.588849902153	-4.38099892393	92600
463	-2.63209617238	-8.20524204137e-16	0.263750135899	5.1490209651	92800
464	-224.941221385	-8.20524204137e-16	0.537404537201	-9.74691561222	93000
465	-125.819145907	-8.20524204137e-16	0.311401754618	-1.2939077419	93200
466	-128.049792635	-8.20524204137e-16	0.134200528264	-2.01538528711	93400
467	-3.69793387108	-8.20524204137e-16	0.0427936948836	5.47239034891	93600
468	-4.57968663684	-8.20524204137e-16	0.0339194834232	4.01834484577	93800
469	-3.57939876127	-8.20524204137e-16	0.0111543070525	4.92701826572	94000
470	-299.431083058	-8.20524204137e-16	0.0446349941194	-24.481901312	94200
471	-121.580557426	-8.20524204137e-16	0.0143742915243	-1.11139707416	94400
472	-264.226419052	-8.20524204137e-16	0.169648453593	-9.14035897493	94600
473	-230.689221229	-8.20524204137e-16	0.458903670311	-10.0333838589	94800
474	-118.461914712	-8.20524204137e-16	0.0927522107959	0.871060060263	95000
475	-116.682633098	-8.20524204137e-16	0.0461919978261	0.582956700921	95200
476	-295.09891795	-8.20524204137e-16	0.116509236395	-19.0925981462	95400
477	-127.824670285	-8.20524204137e-16	0.0594139061868	-4.78430067942	95600
478	-233.606254482	-8.20524204137e-16	0.134923398495	-15.5170403552	95800
479	-238.090143457	-8.20524204137e-16	0.47961640358	-13.3602175036	96000
480	-224.13436604	-8.20524204137e-16	0.414206504822	-12.5239860116	96200
481	-215.690452643	-8.20524204137e-16	0.258888840675	-10.5610171539	96400
482	-116.406298726	-8.20524204137e-16	0.284979820251	0.630175314248	96600
483	-348.646145651	-8.20524204137e-16	0.81343972683	-23.8487650526	96800
484	-250.407693923	-8.20524204137e-16	0.781636118889	-12.6610148394	97000
485	-240.813193222	-8.20524204137e-16	0.381574630737	-11.5642574191	97200
486	-126.589938111	-8.20524204137e-16	0.125334113836	0.466941463351	97400
487	-130.032999187	-8.20524204137e-16	0.134572967887	-1.25564826399	97600
488	-340.138581775	-8.20524204137e-16	0.11487544328	-23.737878069	97800
489	-126.079391938	-8.20524204137e-16	0.068725258112	0.908689885139	98000
490	-360.848702567	-8.20524204137e-16	0.16104696691	-34.7817548445	98200
491	-249.51393755	-8.20524204137e-16	0.140355303884	-15.7660165584	98400
492	-404.978549238	-8.20524204137e-16	0.355158627033	-37.3675012887	98600
493	-246.615204269	-8.20524204137e-16	0.455316960812	-10.9350921431	98800
494	-127.507732129	-8.20524204137e-16	0.238600850105	1.46652833566	99000
495	-4.75366973021	-8.20524204137e-16	0.0764703527093	7.576382339	99200
496	-229.49708659	-8.20524204137e-16	0.127464443445	-9.54070498347	99400
497	-127.548898715	-8.20524204137e-16	0.0297620669007	2.02924627498	99600
498	-128.464853895	-8.20524204137e-16	0.020734636113	-0.125493712723	99800
499	-134.532927162	-8.20524204137e-16	0.0370954051614	-3.49703586534	100000
500	-233.40996357	-8.20524204137e-16	0.0821492448449	-11.1683468524	100200
501	-131.207240925	-8.20524204137e-16	0.0579783059657	-1.33884750843	100400
502	-116.256093172	-8.20524204137e-16	0.015766479075	2.200625633	100600
503	-249.315742294	-8.20524204137e-16	0.288020163774	-16.3322245428	100800
504	-121.815084051	-8.20524204137e-16	0.264732062817	2.39827179074	101000
505	-131.864126773	-8.20524204137e-16	0.124621242285	-0.972589704096	101200
506	-256.839961181	-8.20524204137e-16	0.429196804762	-13.0016152263	101400
507	-339.870672289	-8.20524204137e-16	0.25438439846	-26.2885641587	101600
508	-127.268016874	-8.20524204137e-16	0.0937726795673	-2.14089258417	101800
509	-124.401719165	-8.20524204137e-16	0.0566872693598	-0.805212921798	102000
510	-3.06140483762	-8.20524204137e-16	0.0227453615516	4.65640555382	102200
511	-125.385023499	-8.20524204137e-16	0.0748393163085	-2.39181052908	102400
512	-118.024845537	-8.20524204137e-16	0.0112970899791	-1.61838844001	102600
513	-3.06112426852	-8.20524204137e-16	0.0173065327108	3.84908276677	102800
514	-3.06462243	-8.20524204137e-16	0.00346524920315	3.85172536373	103000
515	-3.38862429093	-8.20524204137e-16	0.00172362814192	3.63025881886	103200
516	-129.930400751	-8.20524204137e-16	0.00704043311998	-5.61959645942	103400
517	-124.846597126	-8.20524204137e-16	0.0018644441152	-3.20929353595	103600
518	-226.015696573	-8.20524204137e-16	0.229848921299	-14.5427407777	103800
519	-140.43390675	-8.20524204137e-16	0.218084588647	-13.5292831045	104000
520	-122.193706092	-8.20524204137e-16	0.226232618093	1.78160992831	104200
521	-131.391221144	-8.20524204137e-16	0.128298923373	0.395830798745	104400
522	-132.587674845	-8.20524204137e-16	0.134523615241	-1.54575862139	104600
523	-239.819989872	-8.20524204137e-16	0.0819076374173	-10.4802625877	104800
524	-265.558519877	-8.20524204137e-16	2.52652430534	-16.5448602682	105000
525	-129.320730318	-8.20524204137e-16	5.44913959503	-0.829215785265	105200
526	-243.082350316	-8.20524204137e-16	0.250881433487	-8.76431249976	105400
527	-5.07759044617	-8.20524204137e-16	0.604795396328	9.3258131218	105600
528	-7.94270698766	-8.20524204137e-16	1.33854067326	10.729875474	105800
529	-120.429187931	-8.20524204137e-16	0.0238917414099	6.58483952999	106000
530	-342.791252283	-8.20524204137e-16	0.263785749674	-22.5074652699	106200
531	-3.19805059459	-8.20524204137e-16	0.0548843108118	10.2276695395	106400
532	-351.46884689	-8.20524204137e-16	0.269633889198	-11.7833695793	106600
533	-255.48750254	-8.20524204137e-16	0.657864928246	-11.0548242292	106800
534	-121.649152597	-8.20524204137e-16	0.254311531782	4.97249726653	107000
535	-343.990988918	-8.20524204137e-16	0.682825088501	-15.0177668333	107200
536	-121.327731676	-8.20524204137e-16	0.463668584824	5.60058128595	107400
537	-217.858245871	-8.20524204137e-16	0.184767767787	-4.05758679867	107600
538	-116.23234382	-8.20524204137e-16	0.0905992910266	5.58045055494	107800
539	-134.08750548	-8.20524204137e-16	0.594616293907	1.45948310375	108000
540	-241.841774716	-8.20524204137e-16	0.300870716572	-6.00709576905	108200
541	-360.592128512	-8.20524204137e-16	1.15530598164	-26.2753902841	108400
542	-489.423687941	-8.20524204137e-16	0.448839068413	-46.8220095199	108600
543	-361.990504202	-8.20524204137e-16	0.53365701437	-28.0332303375	108800
544	-235.887466771	-8.20524204137e-16	0.635118305683	-8.83840541184	109000
545	-237.562682328	-8.20524204137e-16	0.876613259315	-7.15766580462	109200
546	-131.880002585	-8.20524204137e-16	0.405446410179	1.09089056164	109400
547	-122.200711965	-8.20524204137e-16	0.225025638938	0.636025146246	109600
548	-130.536403989	-8.20524204137e-16	0.226510852575	0.916962454319	109800
549	-117.418563676	-8.20524204137e-16	0.227780491114	6.14821135879	110000
550	-237.664261656	-8.20524204137e-16	0.0644201934338	-8.65312931538	110200
551	-335.371062898	-8.20524204137e-16	0.162921771407	-18.7149093172	110400
552	-236.520859033	-8.20524204137e-16	0.196283966303	-7.21782467425	110600
553	-121.457427767	-8.20524204137e-16	0.0723656341434	5.31535593271	110800
554	-121.082942941	-8.20524204137e-16	0.194156706333	4.53536190391	111000
555	-134.634549244	-8.20524204137e-16	0.0693620443344	-2.18862029552	111200
556	-125.023318973	-8.20524204137e-16	0.0864260792732	4.85786183864	111400
557	-116.563251924	-8.20524204137e-16	0.0194217376411	4.69805369377	111600
558	-132.782685887	-8.20524204137e-16	0.119005002081	3.33160142183	111800
559	-229.194421848	-8.20524204137e-16	0.128443449736	-6.77249192357	112000
560	-377.431529614	-8.20524204137e-16	0.298910230398	-24.7620626488	112200
561	-4.32821686923	-8.20524204137e-16	0.238088473678	10.4262740231	112400
562	-2.95515267993	-8.20524204137e-16	0.0900742337108	9.76536806107	112600
563	-127.679569318	-8.20524204137e-16	0.103998966515	2.30635705411	112800
564	-273.074140175	-8.20524204137e-16	0.866687834263	-20.6117545992	113000
565	-262.07460216	-8.20524204137e-16	0.23718470335	-12.4316451845	113200
566	-366.150283782	-8.20524204137e-16	0.882848501205	-26.2213970524	113400
567	-130.154359815	-8.20524204137e-16	1.17042398453	-4.81606589556	113600
568	-124.543002007	-8.20524204137e-16	1.57854187489	1.88671461582	113800
569	-228.848981492	-8.20524204137e-16	2.22714972496	-8.18004867196	114000
570	-862.934092132	-8.20524204137e-16	1.30528926849	-106.654744646	114200
571	-2.31713698473	-8.20524204137e-16	0.802031099796	6.83618339896	114400
572	-2.29399728866	-8.20524204137e-16	0.639786422253	6.27357342005	114600
573	-117.434096209	-8.20524204137e-16	0.250839740038	1.99295201778	114800
574	-267.620905712	-8.20524204137e-16	0.314142405987	-11.5886395931	115000
575	-233.068449606	-8.20524204137e-16	0.121065318584	-10.6281419197	115200
576	-127.187081155	-8.20524204137e-16	0.147556453943	-2.50729839027	115400
577	-2.97557883511	-8.20524204137e-16	0.0991628244519	5.01495019436	115600
578	-236.360405281	-8.20524204137e-16	0.0201845765114	-11.7817226131	115800
579	-254.662667815	-8.20524204137e-16	1.26129305363	-14.4463936326	116000
580	-115.647675277	-8.20524204137e-16	0.355007350445	-0.0687629333138	116200
581	-123.486746853	-8.20524204137e-16	2.6917681694	-1.0648830235	116400
582	-352.771168715	-8.20524204137e-16	1.35976338387	-18.7757083899	116600
583	-3.31475032902	-8.20524204137e-16	1.06990027428	2.79789613485	116800
584	-660.53647633	-8.20524204137e-16	2.34750819206	-51.3988881844	117000
585	-237.083261268	-8.20524204137e-16	5.16020917892	-7.20841649413	117200
586	-129.655141004	-8.20524204137e-16	4.80314588547	-3.66518481985	117400
587	-254.562548004	-8.20524204137e-16	1.90949463844	-18.3752195364	117600
588	-119.674289774	-8.20524204137e-16	1.47640728951	2.72359102368	117800
589	-239.196663922	-8.20524204137e-16	0.245801329613	-8.42316651642	118000
590	-117.953462666	-8.20524204137e-16	0.0394022352993	7.25005547225	118200
591	-120.784033887	-8.20524204137e-16	0.0535927116871	8.04032053351	118400
592	-131.324791079	-8.20524204137e-16	0.0994709134102	5.1299543047	118600
593	-342.833727218	-8.20524204137e-16	0.713408648968	-17.8258123162	118800
594	-118.548841377	-8.20524204137e-16	0.25677472353	5.14323015869	119000
595	-132.477295288	-8.20524204137e-16	0.523028790951	1.92484326422	119200
596	-130.91484659	-8.20524204137e-16	0.337663143873	0.386369366646	119400
597	-125.111989244	-8.20524204137e-16	0.131529152393	2.56280272946	119600
598	-128.083490622	-8.20524204137e-16	0.0588596090674	0.486781838834	119800
599	-117.998308647	-8.20524204137e-16	0.0642269104719	0.624472151995	120000
600	-121.496208244	-8.20524204137e-16	0.0526403747499	1.61562050015	120200
601	-3.01918741518	-8.20524204137e-16	0.0250207409263	5.95446208328	120400
602	-128.79652377	-8.20524204137e-16	0.0548497736454	-1.92989088058	120600
603	-1.76053235062	-8.20524204137e-16	0.0366324968636	5.9831517148	120800
604	-130.975522582	-8.20524204137e-16	0.0380296930671	-4.66584073484	121000
605	-130.24590927	-8.20524204137e-16	0.0642815232277	-3.19679155052	121200
606	-132.469847794	-8.20524204137e-16	0.121695041656	-6.04367554903	121400
607	-129.748750276	-8.20524204137e-16	0.0412876605988	-1.97677175224	121600
608	-133.551928406	-8.20524204137e-16	0.0594638697803	-6.59279751301	121800
609	-239.539890502	-8.20524204137e-16	0.0996752753854	-10.6073847471	122000
610	-131.93143496	-8.20524204137e-16	0.104373805225	-2.72759336308	122200
611	-129.604373467	-8.20524204137e-16	0.050585180521	-2.65357605338	122400
612	-244.230788889	-8.20524204137e-16	0.264655768871	-11.5874905962	122600
613	-3.62239279665	-8.20524204137e-16	0.0301715247333	5.37579233408	122800
614	-129.951010861	-8.20524204137e-16	0.077528975904	-5.04377705544	123000
615	-239.612521968	-8.20524204137e-16	0.287668526173	-12.3056671357	123200
616	-121.364555416	-8.20524204137e-16	0.175023958087	0.82258670032	123400
617	-3.11157418284	-8.20524204137e-16	0.106553897262	5.9968146646	123600
618	-124.117988777	-8.20524204137e-16	0.157303750515	0.335940586329	123800
619	-127.457875026	-8.20524204137e-16	0.160866215825	0.154655175954	124000
620	-128.825609993	-8.20524204137e-16	0.0774339511991	-2.78789863825	124200
621	-229.421115308	-8.20524204137e-16	0.988141477108	-9.86606141314	124400
622	-244.165116841	-8.20524204137e-16	0.12719848752	-12.3550994408	124600
623	-240.012574916	-8.20524204137e-16	0.290675699711	-8.6052373898	124800
624	-129.867107093	-8.20524204137e-16	0.0550771914423	0.812398562133	125000
625	-123.379808447	-8.20524204137e-16	0.140614524484	-0.0133587288857	125200
626	-124.098405604	-8.20524204137e-16	0.100402317941	2.26983391419	125400
627	-133.336065181	-8.20524204137e-16	0.089484654367	-3.49081627339	125600
628	-241.294762187	-8.20524204137e-16	0.0313055403531	-10.5846062446	125800
629	-121.230326266	-8.20524204137e-16	0.037185844034	1.016582333	126000
630	-120.508436699	-8.20524204137e-16	0.0553671643138	0.990428543091	126200
631	-256.078938203	-8.20524204137e-16	0.105691105127	-13.3479868221	126400
632	-119.086150798	-8.20524204137e-16	0.0977256372571	0.812852700055	126600
633	-366.335389391	-8.20524204137e-16	0.0304225459695	-27.4220132893	126800
634	-123.235247741	-8.20524204137e-16	0.29113227129	-0.273837124109	127000
635	-253.893995575	-8.20524204137e-16	0.1709536165	-14.6545120516	127200
636	-130.694627739	-8.20524204137e-16	0.132670611143	1.55724373579	127400
637	-133.769680653	-8.20524204137e-16	0.25018799305	-1.74882726967	127600
638	-465.351036646	-8.20524204137e-16	0.605169534683	-37.6810173619	127800
639	-133.506036975	-8.20524204137e-16	0.354058265686	2.39985305071	128000
640	-119.355239243	-8.20524204137e-16	0.25872567296	5.21895855904	128200
641	-126.414432568	-8.20524204137e-16	0.187803760171	4.0733981216	128400
642	-248.726897484	-8.20524204137e-16	0.0782200321555	-7.83414876997	128600
643	-237.063856294	-8.20524204137e-16	0.277627855539	-7.63059691876	128800
644	-138.486718735	-8.20524204137e-16	0.189787045121	-8.57046997488	129000
645	-135.493376249	-8.20524204137e-16	0.958264529705	-1.06007447243	129200
646	-239.709032215	-8.20524204137e-16	0.205695033073	-9.18395843714	129400
647	-3.61685440475	-8.20524204137e-16	0.223320350051	9.25066956043	129600
648	-235.188451697	-8.20524204137e-16	0.0674866735935	-8.08291311026	129800
649	-356.910491129	-8.20524204137e-16	0.228521749377	-26.0912972498	130000
650	-119.482160118	-8.20524204137e-16	0.447846770287	1.85389144242	130200
651	-232.975384803	-8.20524204137e-16	0.289318263531	-9.12649773955	130400
652	-125.843537477	-8.20524204137e-16	0.0866553336382	4.69285137415	130600
653	-248.072152979	-8.20524204137e-16	0.176624283195	-9.76913582444	130800
654	-122.279843059	-8.20524204137e-16	0.0565689504147	3.17816305161	131000
655	-527.104116155	-8.20524204137e-16	0.601106286049	-30.1959611931	131200
656	-132.614370113	-8.20524204137e-16	5.83581972122	5.08319888651	131400
657	-7.8775491936	-8.20524204137e-16	1.36367106438	13.9769359681	131600
658	-120.132319189	-8.20524204137e-16	2.96756100655	7.90431461334	131800
659	-309.889330933	-8.20524204137e-16	1.67537629604	-10.9638027632	132000
660	-125.811891419	-8.20524204137e-16	0.136693477631	10.0328194588	132200
661	-1.99683169907	-8.20524204137e-16	0.0689356774092	14.7539637804	132400
662	-116.127771154	-8.20524204137e-16	0.0761986672878	10.001609776	132600
663	-124.569330498	-8.20524204137e-16	0.0342173017561	7.02711685866	132800
664	-383.663506986	-8.20524204137e-16	0.785508394241	-27.9301699704	133000
665	-364.096265106	-8.20524204137e-16	0.636201739311	-16.1169192064	133200
666	-124.489894553	-8.20524204137e-16	0.712465763092	9.27285169244	133400
667	-122.144701788	-8.20524204137e-16	0.400753319263	9.52237041414	133600
668	-119.440583171	-8.20524204137e-16	0.842410683632	7.6001161921	133800
669	-119.95681056	-8.20524204137e-16	0.063806027174	7.60965025097	134000
670	-118.851445093	-8.20524204137e-16	0.033651355654	6.62021904945	134200
671	-133.732077055	-8.20524204137e-16	0.119840972126	-3.08648169398	134400
672	-4.6444617687	-8.20524204137e-16	0.0355132073164	9.35457396507	134600
673	-120.101330213	-8.20524204137e-16	0.0435599796474	3.65040851325	134800
674	-125.39526856	-8.20524204137e-16	0.00749455438927	1.30538602233	135000
675	-233.669333396	-8.20524204137e-16	0.1817137748	-9.68228638053	135200
676	-342.522178929	-8.20524204137e-16	0.242562577128	-28.7029212159	135400
677	-116.503843752	-8.20524204137e-16	0.368037521839	0.5340325737	135600
678	-359.957368848	-8.20524204137e-16	0.420896887779	-31.4309661692	135800
679	-128.236580966	-8.20524204137e-16	0.258182764053	4.87381838292	136000
680	-3.89467494993	-8.20524204137e-16	0.311456799507	11.4020018196	136200
681	-122.80080384	-8.20524204137e-16	0.0867090448737	4.83867391184	136400
682	-367.603656089	-8.20524204137e-16	0.137284204364	-31.2405394751	136600
683	-135.491842544	-8.20524204137e-16	0.244933113456	-2.58164876461	136800
684	-307.373848901	-8.20524204137e-16	0.219359070063	-16.9487916756	137000
685	-123.126660302	-8.20524204137e-16	0.0798322856426	4.9479301092	137200
686	-238.170492457	-8.20524204137e-16	0.73486828804	-7.42539694279	137400
687	-238.262143603	-8.20524204137e-16	0.178965762258	-6.26395765811	137600
688	-130.107234212	-8.20524204137e-16	0.11996550858	4.94100884616	137800
689	-3.53918694039	-8.20524204137e-16	0.0595648810267	11.8843157244	138000
690	-119.584476759	-8.20524204137e-16	0.0299572274089	6.27977030963	138200
691	-251.794779534	-8.20524204137e-16	0.0582160390913	-9.11728752613	138400
692	-246.919035546	-8.20524204137e-16	0.383107423782	-9.04014695883	138600
693	-124.255415525	-8.20524204137e-16	0.242309182882	8.04709235907	138800
694	-127.948824534	-8.20524204137e-16	0.125548452139	6.62867016912	139000
695	-129.407487366	-8.20524204137e-16	0.0973243936896	6.97601448417	139200
696	-128.639173455	-8.20524204137e-16	0.279081046581	5.55836108446	139400
697	-252.91270746	-8.20524204137e-16	0.0875134542584	-10.563446956	139600
698	-119.109137361	-8.20524204137e-16	0.234276369214	7.16050251544	139800
699	-116.739563765	-8.20524204137e-16	0.0476620569825	6.6097051014	140000
700	-119.0269534	-8.20524204137e-16	0.0657669603825	6.61732032776	140200
701	-2.3611480957	-8.20524204137e-16	0.0421770475805	9.23407124043	140400
702	-1.72377861903	-8.20524204137e-16	0.010181681253	8.39503756285	140600
703	-125.670004964	-8.20524204137e-16	0.00498050358146	2.20894606829	140800
704	-399.632983055	-8.20524204137e-16	0.323782205582	-29.113463867	141000
705	-127.309355908	-8.20524204137e-16	0.190738350153	3.39565523863	141200
706	-262.438536502	-8.20524204137e-16	0.437914401293	-15.4518718249	141400
707	-240.799915325	-8.20524204137e-16	0.453210383654	-11.5741590178	141600
708	-252.15002054	-8.20524204137e-16	0.081700399518	-12.9665558916	141800
709	-127.905214294	-8.20524204137e-16	0.156896993518	1.5557580024	142000
710	-376.190487854	-8.20524204137e-16	0.424076348543	-22.9202911586	142200
711	-130.069393386	-8.20524204137e-16	0.709417641163	-0.49231452167	142400
712	-125.088304697	-8.20524204137e-16	0.628852427006	5.38570715427	142600
713	-4.13966713752	-8.20524204137e-16	0.217510551214	9.99715523243	142800
714	-238.290477205	-8.20524204137e-16	0.118101023138	-7.82928652257	143000
715	-121.752501174	-8.20524204137e-16	0.0697795078158	3.65065207511	143200
716	-126.820896401	-8.20524204137e-16	0.086007617414	3.38205446154	143400
717	-595.066294952	-8.20524204137e-16	0.28564697504	-70.2058292484	143600
718	-132.840054962	-8.20524204137e-16	0.379993587732	-1.91410443306	143800
719	-125.814356073	-8.20524204137e-16	0.115510188043	4.30149807572	144000
720	-392.280305941	-8.20524204137e-16	0.30922472477	-27.5422950976	144200
721	-122.536609115	-8.20524204137e-16	0.245863214135	5.74364367276	144400
722	-369.658766174	-8.20524204137e-16	0.302962422371	-24.0806823415	144600
723	-126.073350969	-8.20524204137e-16	0.544545888901	5.80693279594	144800
724	-122.707366953	-8.20524204137e-16	0.509119391441	4.83877978832	145000
725	-247.502600239	-8.20524204137e-16	0.275034993887	-10.9346078068	145200
726	-6.4286370333	-8.20524204137e-16	0.10734461993	10.1103002262	145400
727	-378.805766825	-8.20524204137e-16	0.0919127166271	-27.4036320615	145600
728	-122.972228945	-8.20524204137e-16	0.101914815605	2.53632430017	145800
729	-231.245971261	-8.20524204137e-16	0.172314167023	-9.40632364869	146000
730	-130.388094656	-8.20524204137e-16	0.0384679250419	2.55692479134	146200
731	-119.40310416	-8.20524204137e-16	0.207872524858	3.1577338028	146400
732	-352.427845978	-8.20524204137e-16	0.251054614782	-19.7375405079	146600
733	-119.68009121	-8.20524204137e-16	0.242368102074	4.09092320204	146800
734	-131.382179009	-8.20524204137e-16	0.134990811348	1.49743566155	147000
735	-133.456066538	-8.20524204137e-16	0.183073744178	0.800833190382	147200
736	-117.819082947	-8.20524204137e-16	0.0334478281438	4.87142879367	147400
737	-126.892793149	-8.20524204137e-16	0.0397475250065	1.02223361671	147600
738	-293.318380045	-8.20524204137e-16	0.0921502411366	-20.1192176604	147800
739	-130.652964136	-8.20524204137e-16	0.0650711283088	1.97889374197	148000
740	-124.057778004	-8.20524204137e-16	0.119761936367	2.18481115282	148200
741	-236.86256173	-8.20524204137e-16	0.0998663604259	-11.0772558433	148400
742	-121.857292044	-8.20524204137e-16	0.0665604397655	0.726859855354	148600
743	-2.38554907878	-8.20524204137e-16	0.0185032524168	5.86418099165	148800
744	-2.03282532653	-8.20524204137e-16	0.0190518721938	5.33011934996	149000
745	-116.181743351	-8.20524204137e-16	0.0211965031922	0.659006930888	149200
746	-129.744209464	-8.20524204137e-16	0.0201955288649	-4.72923819423	149400
747	-2.03365041786	-8.20524204137e-16	0.0288802813739	4.07650923014	149600
748	-1.7377796637	-8.20524204137e-16	0.00341013795696	3.75285966992	149800
749	-130.727253835	-8.20524204137e-16	0.0443020239472	-7.46296725512	150000
750	-119.44872337	-8.20524204137e-16	0.0469165071845	-1.17818891287	150200
751	-125.735941739	-8.20524204137e-16	0.0115603422746	-2.27333049774	150400
752	-119.089364246	-8.20524204137e-16	0.0128897894174	-0.586988777816	150600
753	-117.537906139	-8.20524204137e-16	0.0389379225671	-1.32314029813	150800
754	-121.476843348	-8.20524204137e-16	0.0668995305896	-1.04051355749	151000
755	-129.919877216	-8.20524204137e-16	0.035994771868	-4.86350880802	151200
756	-237.999837819	-8.20524204137e-16	0.233940452337	-12.4174962935	151400
757	-118.57712499	-8.20524204137e-16	0.0284890178591	-0.191206534505	151600
758	-242.625966375	-8.20524204137e-16	0.379658460617	-13.3831587973	151800
759	-121.075198408	-8.20524204137e-16	0.122379772365	1.70663679153	152000
760	-121.448943166	-8.20524204137e-16	0.0467947758734	1.43573578656	152200
761	-130.142127415	-8.20524204137e-16	0.0267310887575	-0.860664126575	152400
762	-135.713075287	-8.20524204137e-16	0.139460071921	-8.25298714161	152600
763	-231.805845602	-8.20524204137e-16	1.09505689144	-8.79786867142	152800
764	-118.628990409	-8.20524204137e-16	0.0662753582001	2.22746852636	153000
765	-123.638377905	-8.20524204137e-16	0.0289088338614	0.490956571102	153200
766	-118.764105312	-8.20524204137e-16	0.0173993054777	0.59345821023	153400
767	-118.169035375	-8.20524204137e-16	0.669458866119	-0.850582363605	153600
768	-241.78218559	-8.20524204137e-16	0.148022055626	-14.2878522253	153800
769	-121.230214463	-8.20524204137e-16	0.12271681428	0.225569157898	154000
770	-247.432474665	-8.20524204137e-16	0.497500985861	-13.916477772	154200
771	-229.39906043	-8.20524204137e-16	0.517485797405	-9.68562614247	154400
772	-3.39338785226	-8.20524204137e-16	0.0875886529684	6.85681209326	154600
773	-3.33489118057	-8.20524204137e-16	0.0398782342672	6.38564944714	154800
774	-597.226919941	-8.20524204137e-16	0.0865043997765	-62.9183847398	155000
775	-131.107344222	-8.20524204137e-16	0.0748885273933	-1.24864503622	155200
776	-252.524394559	-8.20524204137e-16	0.0949163809419	-14.4663229403	155400
777	-242.48318263	-8.20524204137e-16	0.116131722927	-14.5553464778	155600
778	-474.374956279	-8.20524204137e-16	1.80192625523	-33.5387087727	155800
779	-4.95188733231	-8.20524204137e-16	1.03792846203	7.11109389067	156000
780	-119.830414535	-8.20524204137e-16	0.188206791878	2.30827980518	156200
781	-130.362442722	-8.20524204137e-16	0.454635113478	2.22812917233	156400
782	-469.079251255	-8.20524204137e-16	0.664819180965	-30.290381285	156600
783	-124.11196411	-8.20524204137e-16	0.79377579689	1.56672970146	156800
784	-134.739205196	-8.20524204137e-16	0.488053411245	1.25935696065	157000
785	-131.586054979	-8.20524204137e-16	0.340314954519	1.70153722554	157200
786	-128.140684945	-8.20524204137e-16	0.167737290263	0.921699583232	157400
787	-1032.86162233	-8.20524204137e-16	1.61640405655	-57.9231382085	157600
788	-311.884620618	-8.20524204137e-16	0.944269895554	-21.3469267364	157800
789	-370.911816719	-8.20524204137e-16	1.71296465397	-19.1234722522	158000
790	-119.797687422	-8.20524204137e-16	4.75192499161	6.07274608076	158200
791	-5.09679057581	-8.20524204137e-16	1.64713728428	10.91676085	158400
792	-299.193823164	-8.20524204137e-16	0.112148523331	-16.8321322742	158600
793	-132.62976513	-8.20524204137e-16	0.108745001256	-0.200061905086	158800
794	-217.501244988	-8.20524204137e-16	0.102580472827	-7.9246510607	159000
795	-132.151590608	-8.20524204137e-16	0.171025231481	-0.889606535733	159200
796	-256.345846147	-8.20524204137e-16	0.0395907610655	-10.256466658	159400
797	-132.178662733	-8.20524204137e-16	0.0652789622545	-1.30166775465	159600
798	-132.473419351	-8.20524204137e-16	0.03149151057	-2.75721615076	159800
799	-232.967905295	-8.20524204137e-16	0.0798306614161	-10.6267468488	160000
800	-257.912240959	-8.20524204137e-16	0.126902267337	-10.9437636396	160200
801	-2.43312475982	-8.20524204137e-16	0.221249625087	5.22990497828	160400
802	-118.882701587	-8.20524204137e-16	0.119153670967	0.411003289819	160600
803	-130.877889005	-8.20524204137e-16	0.132068812847	-4.6839688468	160800
804	-132.198080804	-8.20524204137e-16	0.0840626731515	-7.78607972741	161000
805	-129.181727868	-8.20524204137e-16	0.033318836242	-3.18641706705	161200
806	-119.634881149	-8.20524204137e-16	0.0426349453628	-2.47047729135	161400
807	-132.890333822	-8.20524204137e-16	0.016047205776	-7.13362648249	161600
808	-241.671078044	-8.20524204137e-16	0.721991956234	-11.5899626696	161800
809	-233.001179599	-8.20524204137e-16	0.215388149023	-12.0565416154	162000
810	-251.761504426	-8.20524204137e-16	0.263491362333	-16.0433176506	162200
811	-125.995904148	-8.20524204137e-16	0.0875111222267	-1.25485780954	162400
812	-127.209300475	-8.20524204137e-16	0.135486125946	-2.88868149698	162600
813	-120.782169978	-8.20524204137e-16	0.0905062183738	-2.20181141257	162800
814	-121.489978648	-8.20524204137e-16	0.0403034985065	-1.60491167888	163000
815	-342.461601196	-8.20524204137e-16	0.172662034631	-30.1920632914	163200
816	-123.805076707	-8.20524204137e-16	0.232628777623	-3.84792747289	163400
817	-243.994978248	-8.20524204137e-16	0.608552753925	-17.686596203	163600
818	-263.882841325	-8.20524204137e-16	0.172716274858	-24.9218248068	163800
819	-134.54421476	-8.20524204137e-16	0.44216555357	-7.70829167128	164000
820	-128.280504856	-8.20524204137e-16	0.182687208056	-0.129000015259	164200
821	-252.524912152	-8.20524204137e-16	0.240707442164	-14.5886048833	164400
822	-132.692091559	-8.20524204137e-16	0.285702258348	-1.32618776321	164600
823	-115.385314653	-8.20524204137e-16	0.0747865214944	2.24309310406	164800
824	-237.985787244	-8.20524204137e-16	0.134751141071	-12.0717346504	165000
825	-138.238284582	-8.20524204137e-16	0.194052398205	-9.54590603948	165200
826	-360.50507009	-8.20524204137e-16	1.38862621784	-26.3320571256	165400
827	-123.43825129	-8.20524204137e-16	0.44042724371	-2.39883333042	165600
828	-237.568450717	-8.20524204137e-16	0.186794936657	-15.0567762697	165800
829	-128.514586871	-8.20524204137e-16	0.183174282312	-2.31197717264	166000
830	-264.306563151	-8.20524204137e-16	0.244941934943	-19.4424016497	166200
831	-134.218978232	-8.20524204137e-16	0.440298378468	-6.75586722821	166400
832	-390.525752414	-8.20524204137e-16	0.696075737476	-37.2480989066	166600
833	-123.977728197	-8.20524204137e-16	2.43878960609	-0.335662279427	166800
834	-5.79842896107	-8.20524204137e-16	0.305304944515	4.66965603054	167000
835	-120.270256014	-8.20524204137e-16	1.22109115124	0.703196824789	167200
836	-124.266794273	-8.20524204137e-16	0.59885686636	0.768672832251	167400
837	-3.55355327801	-8.20524204137e-16	0.120827414095	7.08927434683	167600
838	-141.133465342	-8.20524204137e-16	0.0984336584806	-14.6797627348	167800
839	-129.613728324	-8.20524204137e-16	0.157864272594	-6.8441456157	168000
840	-483.5709524	-8.20524204137e-16	0.177498564124	-37.9431034982	168200
841	-236.980266647	-8.20524204137e-16	0.2147090137	-11.893961494	168400
842	-252.325237903	-8.20524204137e-16	0.186060473323	-14.9297901304	168600
843	-126.990156568	-8.20524204137e-16	0.450011342764	-4.52940999687	168800
844	-4.80175773556	-8.20524204137e-16	0.0962568223476	6.10731271267	169000
845	-259.669048664	-8.20524204137e-16	0.162213116884	-17.9203028694	169200
846	-4.64399529977	-8.20524204137e-16	0.0435678064823	6.58184405565	169400
847	-120.557362708	-8.20524204137e-16	0.0669627860188	-0.0314216893911	169600
848	-240.276460657	-8.20524204137e-16	0.215469419956	-15.2922343515	169800
849	-3.951333135	-8.20524204137e-16	0.130375057459	7.11335287333	170000
850	-4.87222290391	-8.20524204137e-16	0.0167541671544	6.81022287846	170200
851	-373.573892414	-8.20524204137e-16	0.149654209614	-29.3579655357	170400
852	-128.436300005	-8.20524204137e-16	0.34405452013	-0.365144064426	170600
853	-5.2732773861	-8.20524204137e-16	0.0610319040716	6.19299956799	170800
854	-119.548355233	-8.20524204137e-16	0.0859907269478	1.37522309065	171000
855	-123.513761383	-8.20524204137e-16	0.949953615665	-5.30903741241	171200
856	-123.649232523	-8.20524204137e-16	0.178121715784	0.85152502656	171400
857	-254.093857397	-8.20524204137e-16	1.69239699841	-16.4000825679	171600
858	-129.114069399	-8.20524204137e-16	0.129135802388	-1.17464631587	171800
859	-121.075323175	-8.20524204137e-16	0.344467043877	1.82466114283	172000
860	-258.027585466	-8.20524204137e-16	0.796404600143	-11.2630752575	172200
861	-120.94793759	-8.20524204137e-16	1.11911273003	3.26893145755	172400
862	-3.57010397017	-8.20524204137e-16	1.14784169197	10.1248960662	172600
863	-125.898217093	-8.20524204137e-16	0.250114500523	7.56652867004	172800
864	-1491.07922168	-8.20524204137e-16	0.464247792959	-313.130460052	173000
865	-3.45471979305	-8.20524204137e-16	1.03053915501	11.1118673873	173200
866	-250.528298581	-8.20524204137e-16	1.39231038094	-8.26627045095	173400
867	-1500.73721464	-8.20524204137e-16	3.48920893669	-428.08080368	173600
868	-121.62977199	-8.20524204137e-16	0.507891833782	4.14238755494	173800
869	-125.238362792	-8.20524204137e-16	0.866510212421	4.07880631149	174000
870	-119.481905018	-8.20524204137e-16	0.239385142922	5.87728354722	174200
871	-122.772183648	-8.20524204137e-16	0.114396162331	3.37244178772	174400
872	-5.72888670516	-8.20524204137e-16	0.104727230966	10.4218537521	174600
873	-384.640015533	-8.20524204137e-16	0.4387794137	-6.82801983774	174800
874	-360.218242326	-8.20524204137e-16	3.69086670876	-38.0891328621	175000
875	-127.380136792	-8.20524204137e-16	1.02993667126	2.27918630362	175200
876	-131.0957903	-8.20524204137e-16	2.63623356819	8.75333971262	175400
877	-122.286364442	-8.20524204137e-16	4.02094745636	12.2142470479	175600
878	-127.385261516	-8.20524204137e-16	0.661669790745	7.83662483886	175800
879	-373.406699456	-8.20524204137e-16	0.613383352757	-16.5312892342	176000
880	-230.138733738	-8.20524204137e-16	0.423882305622	-1.85177663565	176200
881	-3.50283689197	-8.20524204137e-16	0.107160426676	13.5781373072	176400
882	-246.448522366	-8.20524204137e-16	0.273612946272	-5.06941805989	176600
883	-231.503387499	-8.20524204137e-16	0.180508196354	-3.64967810631	176800
884	-256.701980205	-8.20524204137e-16	0.259176373482	-4.11949383497	177000
885	-248.749139375	-8.20524204137e-16	0.232314929366	-5.12564249396	177200
886	-131.661557043	-8.20524204137e-16	0.240471482277	4.46245752513	177400
887	-4.3894278513	-8.20524204137e-16	0.108838416636	13.0101249576	177600
888	-132.585884141	-8.20524204137e-16	0.141415819526	0.316142697036	177800
889	-375.875149609	-8.20524204137e-16	0.147788137197	-23.5060433793	178000
890	-4.3583639362	-8.20524204137e-16	0.125744968653	11.3770662731	178200
891	-125.485794694	-8.20524204137e-16	0.123340629041	6.82615622789	178400
892	-119.857754565	-8.20524204137e-16	0.0864052474499	6.31087905586	178600
893	-247.50206851	-8.20524204137e-16	0.0319657176733	-11.770164147	178800
894	-374.168338185	-8.20524204137e-16	0.20586822927	-29.0973910263	179000
895	-238.757032648	-8.20524204137e-16	0.111358493567	-8.76723770142	179200
896	-125.202206222	-8.20524204137e-16	0.278513133526	3.37045302391	179400
897	-131.076016437	-8.20524204137e-16	0.426655650139	3.66412994683	179600
898	-124.098000169	-8.20524204137e-16	0.0859286114573	4.82578432649	179800
899	-251.042564666	-8.20524204137e-16	0.165469706059	-8.61198002785	180000
900	-128.713979585	-8.20524204137e-16	0.0384187251329	2.63793433547	180200
901	-129.180858844	-8.20524204137e-16	0.0379288494587	2.90595709682	180400
902	-272.949809028	-8.20524204137e-16	0.0435657314956	-13.7101821756	180600
903	-240.932980295	-8.20524204137e-16	0.174630284309	-9.44710379258	180800
904	-232.915831405	-8.20524204137e-16	0.0588518604636	-8.36787720233	181000
905	-237.028036176	-8.20524204137e-16	0.0779438242316	-9.31793716013	181200
906	-236.173401261	-8.20524204137e-16	0.0549797974527	-9.58209591359	181400
907	-234.08176539	-8.20524204137e-16	0.082029312849	-9.35486403972	181600
908	-237.575073006	-8.20524204137e-16	0.185357302427	-7.33521305203	181800
909	-125.305851999	-8.20524204137e-16	0.0840481445193	1.99407403469	182000
910	-123.688513198	-8.20524204137e-16	0.157659098506	3.31449452639	182200
911	-2.47914105901	-8.20524204137e-16	0.0754745453596	7.96808091879	182400
912	-245.669205001	-8.20524204137e-16	0.0825823694468	-12.3274757028	182600
913	-122.888935535	-8.20524204137e-16	0.0116650508717	1.77237015307	182800
914	-121.960268542	-8.20524204137e-16	0.0384164825082	-4.64243725955	183000
915	-3.02675681556	-8.20524204137e-16	0.039859443903	6.62110009909	183200
916	-128.251147348	-8.20524204137e-16	0.0892749205232	-0.0740435650945	183400
917	-243.728604759	-8.20524204137e-16	0.119264304638	-13.4977332181	183600
918	-121.029552669	-8.20524204137e-16	0.145950824022	2.92201975942	183800
919	-120.315687519	-8.20524204137e-16	0.146144807339	2.72250198588	184000
920	-133.132730676	-8.20524204137e-16	0.0914713218808	-3.12263271153	184200
921	-121.534339659	-8.20524204137e-16	0.0532289929688	4.00007057399	184400
922	-3.64008302837	-8.20524204137e-16	0.0180069189519	8.65273431778	184600
923	-3.25382219641	-8.20524204137e-16	0.0234221331775	8.19591888905	184800
924	-244.122226855	-8.20524204137e-16	0.188767820597	-10.4517102551	185000
925	-123.511142539	-8.20524204137e-16	0.00370441935956	2.07990892291	185200
926	-335.933766428	-8.20524204137e-16	0.0823715701699	-21.9408107042	185400
927	-233.448134402	-8.20524204137e-16	0.063897550106	-9.81880319536	185600
928	-236.257455383	-8.20524204137e-16	0.208421349525	-6.63001390338	185800
929	-4.23435173957	-8.20524204137e-16	0.0316024534404	9.062263937	186000
930	-3.3198659146	-8.20524204137e-16	0.0404800511897	8.76282224655	186200
931	-2.4966849103	-8.20524204137e-16	0.0211097970605	8.12626287937	186400
932	-788.580943845	-8.20524204137e-16	3.29292941093	-62.3347120136	186600
933	-123.11971584	-8.20524204137e-16	2.05215716362	5.87430598676	186800
934	-126.395163216	-8.20524204137e-16	2.03701615334	3.16679310322	187000
935	-132.456002589	-8.20524204137e-16	4.35185289383	1.71963093504	187200
936	-123.428263341	-8.20524204137e-16	1.44414520264	9.04555719376	187400
937	-124.12124146	-8.20524204137e-16	0.145136132836	5.59112215161	187600
938	-235.416320631	-8.20524204137e-16	0.479880899191	-2.7620326364	187800
939	-131.418628187	-8.20524204137e-16	0.708567976952	0.90986872673	188000
940	-125.100065493	-8.20524204137e-16	0.168607085943	5.20689599276	188200
941	-120.470055459	-8.20524204137e-16	0.140859186649	5.67431518137	188400
942	-235.061404864	-8.20524204137e-16	0.219533830881	-7.32069236159	188600
943	-121.879455148	-8.20524204137e-16	0.0752089396119	3.61207596406	188800
944	-130.377379257	-8.20524204137e-16	0.0769731402397	-4.00624190748	189000
945	-123.302180886	-8.20524204137e-16	0.0377089306712	1.91506321132	189200
946	-119.067204818	-8.20524204137e-16	0.232644379139	-1.74366611481	189400
947	-124.499686901	-8.20524204137e-16	0.0419200323522	2.16190698385	189600
948	-129.205226038	-8.20524204137e-16	0.0412797182798	0.634237103462	189800
949	-4.97483187198	-8.20524204137e-16	0.0217670258135	8.25989934444	190000
950	-124.916759342	-8.20524204137e-16	0.0601878389716	1.63427736238	190200
951	-128.223014549	-8.20524204137e-16	0.134388938546	-3.59856605023	190400
952	-241.70028756	-8.20524204137e-16	0.0275985840708	-12.3896856207	190600
953	-123.015833702	-8.20524204137e-16	0.0716380476952	0.587151065767	190800
954	-118.606320752	-8.20524204137e-16	0.0681253373623	2.83497137278	191000
955	-117.204957288	-8.20524204137e-16	0.183646380901	1.8666316691	191200
956	-126.491765551	-8.20524204137e-16	0.0274175405502	-1.72524585724	191400
957	-253.382712969	-8.20524204137e-16	0.172726228833	-15.2128474915	191600
958	-341.20275895	-8.20524204137e-16	0.548607766628	-22.7053909543	191800
959	-135.12586225	-8.20524204137e-16	0.261972367764	-3.6777687341	192000
960	-134.668430189	-8.20524204137e-16	0.19441947341	-1.94469789475	192200
961	-123.733141927	-8.20524204137e-16	0.295045942068	-2.8786406742	192400
962	-3.64719440595	-8.20524204137e-16	0.297600001097	5.66024084806	192600
963	-121.960113655	-8.20524204137e-16	0.0467601455748	0.00146629214287	192800
964	-339.200411463	-8.20524204137e-16	0.265827596188	-18.8565060426	193000
965	-324.714908174	-8.20524204137e-16	0.49150121212	-24.3517353964	193200
966	-131.194406693	-8.20524204137e-16	0.0960859656334	-2.80652588665	193400
967	-5.33708351946	-8.20524204137e-16	0.0889360159636	3.86929811299	193600
968	-134.415259196	-8.20524204137e-16	0.576489627361	-8.83559122056	193800
969	-285.940205406	-8.20524204137e-16	0.205474853516	-27.7144017217	194000
970	-253.832762753	-8.20524204137e-16	0.374291867018	-18.822505163	194200
971	-134.738420298	-8.20524204137e-16	0.0978620499372	-5.77384664595	194400
972	-247.082133528	-8.20524204137e-16	0.186411857605	-16.379826088	194600
973	-127.90498431	-8.20524204137e-16	0.404937386513	-0.249422995746	194800
974	-132.058457728	-8.20524204137e-16	0.192887783051	-1.38601021171	195000
975	-259.817119441	-8.20524204137e-16	0.153430879116	-16.9527106965	195200
976	-131.640707946	-8.20524204137e-16	0.106248833239	-4.22562415838	195400
977	-351.407490546	-8.20524204137e-16	0.351056694984	-23.2168959206	195600
978	-129.724671615	-8.20524204137e-16	0.247202143073	0.150116178989	195800
979	-127.707141013	-8.20524204137e-16	0.0747571662068	-1.84240205526	196000
980	-125.537542272	-8.20524204137e-16	0.0978881269693	2.3576928544	196200
981	-126.905156741	-8.20524204137e-16	0.0882621407509	1.47786378026	196400
982	-126.679367853	-8.20524204137e-16	0.04481453076	0.794918639809	196600
983	-119.693058444	-8.20524204137e-16	0.0123599097133	1.30765757203	196800
984	-121.878595699	-8.20524204137e-16	0.0238065384328	0.264623699039	197000
985	-3.68656003177	-8.20524204137e-16	0.00953420624137	5.64064132452	197200
986	-121.162765107	-8.20524204137e-16	0.0133579811081	0.220552297831	197400
987	-250.084526996	-8.20524204137e-16	0.129615932703	-16.751381283	197600
988	-121.153260013	-8.20524204137e-16	0.0114659499377	-0.562766868621	197800
989	-244.588710211	-8.20524204137e-16	0.0452854782343	-18.0962194431	198000
990	-126.026274326	-8.20524204137e-16	0.196952223778	-1.64415881962	198200
991	-247.997782058	-8.20524204137e-16	0.304359465837	-12.2962856553	198400
992	-132.324717222	-8.20524204137e-16	0.387136369944	-4.32335531294	198600
993	-236.608608132	-8.20524204137e-16	0.349055290222	-13.6060646677	198800
994	-123.518736694	-8.20524204137e-16	0.084906950593	2.07621554255	199000
995	-342.787409481	-8.20524204137e-16	0.435986965895	-28.7914998031	199200
996	-373.425280655	-8.20524204137e-16	0.583613395691	-32.7354904065	199400
997	-131.281749927	-8.20524204137e-16	0.57277494669	-4.72277829796	199600
998	-246.962693434	-8.20524204137e-16	0.0865037366748	-13.3946702768	199800
999	-2.60270335344	-8.20524204137e-16	0.361681938171	6.97600399971	200000
