0	-1019.26146649	1	0	0.0	200
1	-1366.16713909	1	0	0.0	400
2	-1246.47829541	1	0	0.0	600
3	-1513.09211647	1	0	0.0	800
4	-1520.79438149	1	0	0.0	1000
5	-1150.01021152	0.905	6.58292484283	-1.07262462854	1200
6	-874.161186029	0.805	11.0587892532	-4.16281434059	1400
7	-1173.42419319	0.705	20.4223976135	-4.43660237908	1600
8	-1073.99917055	0.605	16.8300914764	-16.9144160944	1800
9	-1300.10677453	0.505	7.63262701035	-7.23817090774	2000
10	-1320.52820411	0.405	11.3786535263	-39.0373325562	2200
11	-1241.17499422	0.305	5.35507249832	-77.1927092361	2400
12	-784.136482276	0.205	7.36784124374	-97.1142399597	2600
13	-959.341720782	0.105	6.68046712875	-135.732595863	2800
14	-838.169157162	0.005	5.18411493301	-173.471008987	3000
15	-265.640699635	-8.20524204137e-16	6.16687440872	-168.464843903	3200
16	-1216.83235849	-8.20524204137e-16	7.6048207283	-184.900177155	3400
17	-1091.60326365	-8.20524204137e-16	5.41805076599	-201.117662659	3600
18	-136.343818267	-8.20524204137e-16	10.8746566772	-151.849852638	3800
19	-244.755828749	-8.20524204137e-16	6.73357486725	-150.646589508	4000
20	-1275.49525527	-8.20524204137e-16	10.5064468384	-205.05597187	4200
21	-409.913877918	-8.20524204137e-16	7.53812980652	-148.782007523	4400
22	-14.8925539937	-8.20524204137e-16	2.93612265587	-91.8253779984	4600
23	-486.306822289	-8.20524204137e-16	8.46387672424	-141.664019127	4800
24	-133.879942872	-8.20524204137e-16	7.80538463593	-85.2586463356	5000
25	-380.423844309	-8.20524204137e-16	4.26439523697	-117.936671009	5200
26	-130.293674618	-8.20524204137e-16	4.3755440712	-61.9037116051	5400
27	-120.697032549	-8.20524204137e-16	4.82998371124	-47.6445120144	5600
28	-297.269579673	-8.20524204137e-16	1.71342432499	-79.7496841717	5800
29	-1171.11213219	-8.20524204137e-16	4.87511301041	-76.0757579613	6000
30	-1342.52072755	-8.20524204137e-16	3.27787899971	-51.5626515138	6200
31	-6.36282415416	-8.20524204137e-16	5.33080768585	-12.2497369051	6400
32	-465.851235739	-8.20524204137e-16	9.51047134399	-53.1169797945	6600
33	-722.768953657	-8.20524204137e-16	5.52083873749	-100.618682938	6800
34	-122.870890735	-8.20524204137e-16	6.20024251938	-14.9861143345	7000
35	-393.171882253	-8.20524204137e-16	10.6432628632	-67.2680656915	7200
36	-913.4964618	-8.20524204137e-16	13.1907968521	-88.5994959925	7400
37	-121.048353073	-8.20524204137e-16	8.049908638	-0.82151168406	7600
38	-128.640325461	-8.20524204137e-16	8.96388435364	-9.98943618655	7800
39	-3.61571579445	-8.20524204137e-16	4.56117391586	10.1904484463	8000
40	-1360.18145291	-8.20524204137e-16	6.46352720261	-89.3554462862	8200
41	-248.651276396	-8.20524204137e-16	7.79309463501	-16.476167824	8400
42	-350.105748045	-8.20524204137e-16	8.07166481018	-20.9111927944	8600
43	-235.599966986	-8.20524204137e-16	6.05973243713	-10.8034508705	8800
44	-225.964307433	-8.20524204137e-16	5.81139087677	6.05374270916	9000
45	-338.424445662	-8.20524204137e-16	1.25365948677	-7.91172475696	9200
46	-1.56562160891	-8.20524204137e-16	0.54562163353	24.1750474739	9400
47	-439.538192808	-8.20524204137e-16	0.949269711971	-18.7421688735	9600
48	-448.445119628	-8.20524204137e-16	1.4563113451	-22.2025532746	9800
49	-128.075103352	-8.20524204137e-16	1.39866471291	9.55623206735	10000
50	-460.380608332	-8.20524204137e-16	1.06170868874	-31.1620561397	10200
51	-125.896356138	-8.20524204137e-16	2.0793492794	-3.20732459664	10400
52	-234.453075776	-8.20524204137e-16	1.36742997169	-6.03731812716	10600
53	-122.623359915	-8.20524204137e-16	1.00226128101	11.0044310212	10800
54	-122.749329768	-8.20524204137e-16	0.888815224171	7.85849086404	11000
55	-117.882431432	-8.20524204137e-16	0.719048857689	7.49509397507	11200
56	-465.817850849	-8.20524204137e-16	0.581930339336	-43.0535389258	11400
57	-2.41807625409	-8.20524204137e-16	0.571642816067	13.5904253626	11600
58	-938.162623448	-8.20524204137e-16	3.32079529762	-9.70571059585	11800
59	-257.12208219	-8.20524204137e-16	7.7027964592	-1.90562875986	12000
60	-225.513264825	-8.20524204137e-16	2.56863713264	-5.16558117807	12200
61	-343.806231118	-8.20524204137e-16	1.52661955357	-23.0357113315	12400
62	-119.089703464	-8.20524204137e-16	6.60700082779	3.41421461791	12600
63	-127.500421436	-8.20524204137e-16	0.744954228401	-0.983555261493	12800
64	-324.509350479	-8.20524204137e-16	0.438946187496	-18.6107438707	13000
65	-117.610319832	-8.20524204137e-16	0.221756264567	2.49312961563	13200
66	-235.203457496	-8.20524204137e-16	0.195138663054	-10.3853620404	13400
67	-120.536897143	-8.20524204137e-16	0.892132163048	-0.773569781184	13600
68	-117.349858573	-8.20524204137e-16	0.126645669341	0.091118311584	13800
69	-124.074922943	-8.20524204137e-16	0.116486050189	-4.97222375989	14000
70	-1.76924714443	-8.20524204137e-16	0.483292460442	4.61690929413	14200
71	-117.268195778	-8.20524204137e-16	0.0734155103564	-0.995012117028	14400
72	-348.954906288	-8.20524204137e-16	0.865899801254	-32.929909619	14600
73	-125.194548445	-8.20524204137e-16	0.235037878156	-4.68481897645	14800
74	-120.202303147	-8.20524204137e-16	0.160860598087	-3.95842030644	15000
75	-127.965048269	-8.20524204137e-16	0.601302683353	-6.57816300567	15200
76	-124.96265878	-8.20524204137e-16	0.642616271973	-3.20817296505	15400
77	-122.251670219	-8.20524204137e-16	0.263673007488	-2.36077935576	15600
78	-131.218298387	-8.20524204137e-16	0.622836530209	-3.60978389263	15800
79	-232.090673847	-8.20524204137e-16	0.325341194868	-11.7584872553	16000
80	-346.376243433	-8.20524204137e-16	0.802170097828	-21.2728542429	16200
81	-355.911972065	-8.20524204137e-16	3.58802008629	-21.4799238516	16400
82	-125.551700818	-8.20524204137e-16	0.694870471954	-3.38488089889	16600
83	-236.41372086	-8.20524204137e-16	0.382996737957	-14.4756668192	16800
84	-2.81451311576	-8.20524204137e-16	0.670358181	5.59860289752	17000
85	-924.676987707	-8.20524204137e-16	5.42949819565	-58.9655907772	17200
86	-2.23040090692	-8.20524204137e-16	5.30169200897	5.46097754717	17400
87	-1.86810002854	-8.20524204137e-16	0.793313264847	3.26617512941	17600
88	-3.60164869915	-8.20524204137e-16	2.04553675652	4.13983291805	17800
89	-239.776379491	-8.20524204137e-16	1.64298319817	-8.94071876869	18000
90	-367.99207471	-8.20524204137e-16	0.928346335888	-13.4236086534	18200
91	-2.72142067395	-8.20524204137e-16	0.598910868168	8.56625843287	18400
92	-521.691064925	-8.20524204137e-16	2.90124988556	-31.0543417186	18600
93	-123.136116425	-8.20524204137e-16	2.16802406311	1.34506842732	18800
94	-124.786266217	-8.20524204137e-16	0.741663813591	-4.61935221553	19000
95	-120.003632397	-8.20524204137e-16	0.64148491621	5.0922690773	19200
96	-125.815273727	-8.20524204137e-16	1.13411128521	3.50503160268	19400
97	-348.203938617	-8.20524204137e-16	0.626363515854	-17.3277843344	19600
98	-121.941344081	-8.20524204137e-16	0.747557461262	1.73638900939	19800
99	-117.5729273	-8.20524204137e-16	0.47538754344	1.83851450801	20000
100	-250.140180891	-8.20524204137e-16	0.217491224408	-14.5760913676	20200
101	-129.722935984	-8.20524204137e-16	0.305501431227	-3.73845721513	20400
102	-121.229489882	-8.20524204137e-16	0.173983380198	1.51673132837	20600
103	-124.385095961	-8.20524204137e-16	0.0846635550261	-0.329950758219	20800
104	-3.0999326799	-8.20524204137e-16	0.113224811852	5.51225342393	21000
105	-118.634887859	-8.20524204137e-16	0.071347489953	0.557686163783	21200
106	-307.771461398	-8.20524204137e-16	0.440870046616	-22.0824708998	21400
107	-413.79686177	-8.20524204137e-16	1.27432131767	-36.3911712122	21600
108	-116.902658954	-8.20524204137e-16	1.73230528831	-0.363276569545	21800
109	-115.505840154	-8.20524204137e-16	0.418306916952	-0.14986230135	22000
110	-228.531957263	-8.20524204137e-16	0.579660236835	-11.0361903358	22200
111	-3.70341393065	-8.20524204137e-16	0.178382992744	3.80700838029	22400
112	-116.969088273	-8.20524204137e-16	0.397952616215	-1.08124777526	22600
113	-130.689814245	-8.20524204137e-16	0.157676368952	-4.41081155777	22800
114	-121.456743845	-8.20524204137e-16	0.190072074533	-3.22254856318	23000
115	-117.350700812	-8.20524204137e-16	1.41524350643	-1.56275784731	23200
116	-234.882202839	-8.20524204137e-16	1.1909686327	-16.1860814887	23400
117	-2.01676615148	-8.20524204137e-16	0.182010382414	1.86755243719	23600
118	-121.345688968	-8.20524204137e-16	0.365505814552	-3.24454560004	23800
119	-334.433950817	-8.20524204137e-16	0.259182721376	-26.632486133	24000
120	-129.919460779	-8.20524204137e-16	0.322712898254	-5.60515286926	24200
121	-1.81848358852	-8.20524204137e-16	0.345741957426	2.45363515019	24400
122	-313.977630023	-8.20524204137e-16	0.507754743099	-25.8105895822	24600
123	-128.21180935	-8.20524204137e-16	0.342030704021	-2.01473697372	24800
124	-1.86076384853	-8.20524204137e-16	0.261666744947	-0.531916408092	25000
125	-124.633451367	-8.20524204137e-16	0.450443148613	-6.16268961236	25200
126	-300.2869647	-8.20524204137e-16	0.557465493679	-23.0211852881	25400
127	-231.482372719	-8.20524204137e-16	0.132110446692	-15.8991839239	25600
128	-122.83356653	-8.20524204137e-16	0.257909029722	-7.016426972	25800
129	-234.696838887	-8.20524204137e-16	0.426975280046	-16.1429418045	26000
130	-234.879633015	-8.20524204137e-16	0.164405167103	-18.5752504784	26200
131	-329.374895794	-8.20524204137e-16	0.998570024967	-29.3646967927	26400
132	-1.65383981174	-8.20524204137e-16	0.1182551682	-1.28378995419	26600
133	-378.095653046	-8.20524204137e-16	0.907679200172	-40.2971610659	26800
134	-381.468389987	-8.20524204137e-16	1.05672836304	-34.7244104359	27000
135	-251.2073008	-8.20524204137e-16	1.05425715446	-23.8652116843	27200
136	-247.309258717	-8.20524204137e-16	3.58889985085	-26.4789560879	27400
137	-228.055013594	-8.20524204137e-16	5.16835212708	-19.5603395258	27600
138	-120.979284131	-8.20524204137e-16	2.45299386978	-5.25634403097	27800
139	-1318.35032389	-8.20524204137e-16	13.5692453384	-102.870842258	28000
140	-121.675162181	-8.20524204137e-16	4.8279042244	-4.57132424567	28200
141	-3.55419914723	-8.20524204137e-16	3.78276753426	5.95135510713	28400
142	-128.23979442	-8.20524204137e-16	2.79276943207	3.13773448225	28600
143	-343.745335084	-8.20524204137e-16	1.36094617844	-23.4591517377	28800
144	-124.943961475	-8.20524204137e-16	0.526996076107	1.63402473807	29000
145	-343.986295031	-8.20524204137e-16	0.666754484177	-19.8351899028	29200
146	-226.488877879	-8.20524204137e-16	1.05803442001	-10.7802902067	29400
147	-244.814056667	-8.20524204137e-16	0.708351135254	-5.56395705223	29600
148	-130.327534349	-8.20524204137e-16	0.561495602131	3.74972655714	29800
149	-5.00496993638	-8.20524204137e-16	0.230382040143	12.0912325239	30000
150	-130.055927048	-8.20524204137e-16	0.187757134438	6.07859628439	30200
151	-239.872418392	-8.20524204137e-16	0.139220878482	-6.90542956591	30400
152	-127.237666797	-8.20524204137e-16	0.0606009662151	4.3410557586	30600
153	-130.610556999	-8.20524204137e-16	0.172862410545	1.1199950099	30800
154	-228.564189441	-8.20524204137e-16	0.0942701920867	-11.575333896	31000
155	-222.382794063	-8.20524204137e-16	0.937346816063	-8.9607839638	31200
156	-123.829294217	-8.20524204137e-16	0.0902086719871	0.835377782285	31400
157	-235.425557931	-8.20524204137e-16	0.197515130043	-11.0613917893	31600
158	-122.308209115	-8.20524204137e-16	0.115330904722	-0.64093114078	31800
159	-118.666138106	-8.20524204137e-16	0.0524249561131	0.579383714199	32000
160	-3.44583461745	-8.20524204137e-16	0.0554358772933	4.73548166275	32200
161	-4.74583525715	-8.20524204137e-16	0.00524190440774	4.42984478831	32400
162	-7.69697485611	-8.20524204137e-16	0.0235920604318	3.41820941299	32600
163	-117.381822925	-8.20524204137e-16	0.00529986759648	-0.881131656319	32800
164	-223.85293391	-8.20524204137e-16	0.0924401506782	-14.2704666755	33000
165	-119.488772077	-8.20524204137e-16	0.168685987592	-1.54170497119	33200
166	-128.785975951	-8.20524204137e-16	0.116544954479	-5.92389987648	33400
167	-129.294542482	-8.20524204137e-16	0.528567135334	-5.91638937935	33600
168	-254.073121387	-8.20524204137e-16	0.308129817247	-16.6179578094	33800
169	-3.66129809574	-8.20524204137e-16	0.10259642452	0.94768480666	34000
170	-220.2186072	-8.20524204137e-16	0.564724683762	-13.1504665276	34200
171	-235.447706096	-8.20524204137e-16	0.251340985298	-15.0591391291	34400
172	-126.027811344	-8.20524204137e-16	0.748990297318	-5.34242824001	34600
173	-119.931628288	-8.20524204137e-16	0.150737926364	-4.29705420211	34800
174	-118.357619927	-8.20524204137e-16	0.38532948494	-5.75558788493	35000
175	-120.601445468	-8.20524204137e-16	0.0776974782348	-3.89401174408	35200
176	-2.45974167824	-8.20524204137e-16	0.0201203059405	1.00672802895	35400
177	-125.286718867	-8.20524204137e-16	0.0326138176024	-6.24980836928	35600
178	-126.152551986	-8.20524204137e-16	0.0285798721015	-6.4061020162	35800
179	-244.260029319	-8.20524204137e-16	0.252270042896	-16.2239237343	36000
180	-1056.19177122	-8.20524204137e-16	1.70273375511	-69.2497362602	36200
181	-235.853069021	-8.20524204137e-16	3.91271066666	-15.3651367611	36400
182	-131.361367285	-8.20524204137e-16	4.29167556763	-5.45115107335	36600
183	-121.944172221	-8.20524204137e-16	2.29742097855	-1.92800572135	36800
184	-126.035234397	-8.20524204137e-16	0.651899814606	-2.38571201295	37000
185	-128.93386107	-8.20524204137e-16	0.247004777193	-0.203071277142	37200
186	-2.12304435094	-8.20524204137e-16	0.0602882653475	3.22298195004	37400
187	-370.848458775	-8.20524204137e-16	0.0530083030462	-30.0483350845	37600
188	-120.721021453	-8.20524204137e-16	0.128422781825	-2.34198663056	37800
189	-121.866791545	-8.20524204137e-16	0.0712541043758	-1.34684579015	38000
190	-523.869726675	-8.20524204137e-16	0.960078597069	-59.9057861406	38200
191	-244.047701847	-8.20524204137e-16	0.973100304604	-13.5796939317	38400
192	-125.381159625	-8.20524204137e-16	0.236781641841	-2.93574561745	38600
193	-770.324170294	-8.20524204137e-16	3.15034770966	-31.1692245431	38800
194	-124.196847561	-8.20524204137e-16	1.42314577103	-2.82320680201	39000
195	-120.641506826	-8.20524204137e-16	0.990648508072	-0.748089800477	39200
196	-121.18556701	-8.20524204137e-16	1.29550111294	-4.25522096783	39400
197	-236.888795429	-8.20524204137e-16	1.17546153069	-11.2653443018	39600
198	-1505.83531002	-8.20524204137e-16	1.16859412193	-241.947485886	39800
199	-115.070770256	-8.20524204137e-16	4.61536216736	1.24733779669	40000
200	-1.76203169537	-8.20524204137e-16	0.928920030594	7.02491717577	40200
201	-125.250501599	-8.20524204137e-16	1.2048791647	-0.821632752866	40400
202	-116.064501396	-8.20524204137e-16	1.52236247063	1.60554536343	40600
203	-337.47273301	-8.20524204137e-16	4.90256500244	-31.2829707286	40800
204	-224.568329352	-8.20524204137e-16	0.344313323498	-13.0835532793	41000
205	-344.343825911	-8.20524204137e-16	0.707807838917	-19.7752460241	41200
206	-120.613580682	-8.20524204137e-16	0.355299592018	3.93675185926	41400
207	-2.99617824255	-8.20524204137e-16	1.25820183754	7.93960575581	41600
208	-500.179064309	-8.20524204137e-16	1.17730998993	-31.1861075021	41800
209	-127.353599521	-8.20524204137e-16	0.714042961597	-1.7551293242	42000
210	-235.705561383	-8.20524204137e-16	0.464820504189	-7.31312154293	42200
211	-242.486156136	-8.20524204137e-16	0.273928552866	-12.2277402151	42400
212	-120.356616701	-8.20524204137e-16	0.304176062346	3.84068978429	42600
213	-129.667006167	-8.20524204137e-16	0.143784999847	0.583901648521	42800
214	-229.949198021	-8.20524204137e-16	0.111480817199	-7.10636089325	43000
215	-331.489251332	-8.20524204137e-16	0.224357753992	-20.2683758855	43200
216	-122.138618114	-8.20524204137e-16	0.500579893589	2.02122278631	43400
217	-251.673085111	-8.20524204137e-16	0.320199102163	-14.90169716	43600
218	-120.58792622	-8.20524204137e-16	0.115744397044	2.22806696773	43800
219	-241.086563277	-8.20524204137e-16	0.385733872652	-11.7696755442	44000
220	-220.100761008	-8.20524204137e-16	0.0432179197669	-9.28846039236	44200
221	-343.151174761	-8.20524204137e-16	0.574743211269	-25.7269775665	44400
222	-127.338060417	-8.20524204137e-16	0.193939477205	1.23933418041	44600
223	-231.999586806	-8.20524204137e-16	0.0995008647442	-11.7373585045	44800
224	-314.272174329	-8.20524204137e-16	0.200302347541	-22.7871597731	45000
225	-131.046785089	-8.20524204137e-16	0.216869920492	-0.448176159561	45200
226	-251.179615366	-8.20524204137e-16	0.776259899139	-14.4731939596	45400
227	-126.705594333	-8.20524204137e-16	0.219077676535	-1.79338604286	45600
228	-121.402461265	-8.20524204137e-16	0.11158901453	-1.51569730327	45800
229	-124.712307229	-8.20524204137e-16	0.0689077228308	-2.33158515513	46000
230	-124.166322345	-8.20524204137e-16	0.0858597308397	-5.00193375126	46200
231	-117.028547582	-8.20524204137e-16	0.0775103494525	-0.481633646637	46400
232	-224.701695726	-8.20524204137e-16	0.0339401476085	-10.8823003338	46600
233	-125.469729557	-8.20524204137e-16	0.215518593788	-2.13233546048	46800
234	-120.178694396	-8.20524204137e-16	0.202615529299	0.247687122822	47000
235	-117.575451125	-8.20524204137e-16	0.0338706672192	0.144347811937	47200
236	-129.790078938	-8.20524204137e-16	0.0115959551185	-2.83646598607	47400
237	-126.019410304	-8.20524204137e-16	0.0324519947171	-2.78016888142	47600
238	-118.921893665	-8.20524204137e-16	0.123346984386	-2.64672921225	47800
239	-120.559522074	-8.20524204137e-16	0.0456882379949	-0.683452608585	48000
240	-126.018577429	-8.20524204137e-16	0.0465098768473	-0.839236669987	48200
241	-234.613287164	-8.20524204137e-16	0.0687742233276	-10.3115371832	48400
242	-2.11269500545	-8.20524204137e-16	0.0951691120863	4.9451366806	48600
243	-351.95506275	-8.20524204137e-16	1.16647517681	-26.5641195413	48800
244	-125.956236341	-8.20524204137e-16	0.840950250626	-3.09107627809	49000
245	-123.123125073	-8.20524204137e-16	0.237677052617	-2.07094736814	49200
246	-250.007918773	-8.20524204137e-16	0.210377976298	-17.1132045352	49400
247	-371.523676105	-8.20524204137e-16	0.404766738415	-32.7773597619	49600
248	-131.337163618	-8.20524204137e-16	0.131689786911	-1.16948910832	49800
249	-123.313028643	-8.20524204137e-16	0.06758762151	0.0612952056527	50000
250	-131.742545661	-8.20524204137e-16	0.0219360478222	-3.89400944218	50200
251	-125.748157972	-8.20524204137e-16	0.0355749279261	-1.97336334107	50400
252	-126.286204053	-8.20524204137e-16	0.0133310016245	-3.08870675236	50600
253	-131.312749518	-8.20524204137e-16	0.0875456258655	-6.58146858007	50800
254	-118.106048909	-8.20524204137e-16	0.0817173793912	-2.72222563446	51000
255	-124.879954912	-8.20524204137e-16	0.071106672287	-2.47412889898	51200
256	-123.090252461	-8.20524204137e-16	0.309213548899	-2.82710764021	51400
257	-251.6517713	-8.20524204137e-16	0.39605769515	-17.4090792923	51600
258	-2.20091986542	-8.20524204137e-16	0.0819417983294	3.33317087293	51800
259	-136.118569196	-8.20524204137e-16	0.275634914637	-13.9601397237	52000
260	-132.155479626	-8.20524204137e-16	0.0866964459419	-12.5708369678	52200
261	-125.758221176	-8.20524204137e-16	0.116537243128	-4.37750960782	52400
262	-431.648584464	-8.20524204137e-16	0.307525873184	-41.6356263334	52600
263	-123.515363496	-8.20524204137e-16	0.164511337876	-5.18693142533	52800
264	-130.142206788	-8.20524204137e-16	0.16083483398	-6.63159548536	53000
265	-251.582361332	-8.20524204137e-16	0.338145166636	-19.5010709295	53200
266	-386.693864572	-8.20524204137e-16	0.442284166813	-33.1962093079	53400
267	-115.968492505	-8.20524204137e-16	0.438028842211	-2.5967372185	53600
268	-357.94606645	-8.20524204137e-16	0.295545399189	-30.5399476823	53800
269	-129.81885761	-8.20524204137e-16	0.801137447357	-8.23273980156	54000
270	-3.01293103451	-8.20524204137e-16	0.364694595337	1.59500282705	54200
271	-243.841983705	-8.20524204137e-16	0.455020040274	-20.3024541985	54400
272	-373.773487366	-8.20524204137e-16	0.129416584969	-41.3539442612	54600
273	-130.94868974	-8.20524204137e-16	0.466363340616	-9.0686427293	54800
274	-238.164930859	-8.20524204137e-16	0.116003125906	-17.8085790443	55000
275	-121.607954987	-8.20524204137e-16	0.143050536513	-3.57939790249	55200
276	-247.87619427	-8.20524204137e-16	0.23356872797	-21.9471003991	55400
277	-406.91848196	-8.20524204137e-16	0.278513789177	-47.558637397	55600
278	-499.843690081	-8.20524204137e-16	3.88312983513	-36.2605529857	55800
279	-884.09727109	-8.20524204137e-16	4.80426692963	-64.1669514227	56000
280	-424.766597921	-8.20524204137e-16	1.45483660698	-47.9328003904	56200
281	-362.068522571	-8.20524204137e-16	1.6601266861	-30.2276021233	56400
282	-134.003682988	-8.20524204137e-16	3.78444194794	-5.20894626871	56600
283	-131.355623609	-8.20524204137e-16	1.00354671478	1.79120676994	56800
284	-350.748690997	-8.20524204137e-16	0.275198966265	-16.7341946387	57000
285	-127.597800747	-8.20524204137e-16	0.313363462687	-0.159072495252	57200
286	-117.840691649	-8.20524204137e-16	0.210606098175	3.76952055573	57400
287	-237.714840759	-8.20524204137e-16	0.171192720532	-10.1616421604	57600
288	-120.913958147	-8.20524204137e-16	0.0634218528867	2.22996071935	57800
289	-116.361622854	-8.20524204137e-16	0.0362558625638	2.60875958443	58000
290	-123.76869833	-8.20524204137e-16	0.138021886349	1.46260974526	58200
291	-123.949038241	-8.20524204137e-16	0.0610865652561	-1.04636969864	58400
292	-128.638072018	-8.20524204137e-16	0.0438168086112	-3.59229009628	58600
293	-125.229043292	-8.20524204137e-16	0.195116400719	-5.6061768508	58800
294	-118.806275314	-8.20524204137e-16	0.187627598643	0.783096337616	59000
295	-243.347792801	-8.20524204137e-16	0.117267414927	-9.93716628492	59200
296	-121.861234956	-8.20524204137e-16	0.131408587098	0.750537488163	59400
297	-117.374761321	-8.20524204137e-16	0.0866527184844	-0.707878953815	59600
298	-118.904262169	-8.20524204137e-16	0.12612785399	-0.320851024389	59800
299	-247.698461081	-8.20524204137e-16	0.149849697948	-14.6598631505	60000
300	-259.032053518	-8.20524204137e-16	0.267548054457	-17.4313439829	60200
301	-116.402580401	-8.20524204137e-16	1.41411209106	-0.732716279477	60400
302	-304.214989339	-8.20524204137e-16	0.151422977448	-22.2877491164	60600
303	-119.739626138	-8.20524204137e-16	0.946866810322	-6.17865684658	60800
304	-123.738760634	-8.20524204137e-16	0.380545854568	-2.52746364236	61000
305	-250.910192661	-8.20524204137e-16	0.116002082825	-14.9521928436	61200
306	-244.563470769	-8.20524204137e-16	0.992866873741	-13.1492137051	61400
307	-352.693977786	-8.20524204137e-16	0.176782459021	-28.0657371566	61600
308	-124.135976125	-8.20524204137e-16	0.155338808894	-2.66230834186	61800
309	-251.133918067	-8.20524204137e-16	0.452806085348	-19.0749418999	62000
310	-5.48171627891	-8.20524204137e-16	0.124744683504	2.123387658	62200
311	-235.57714722	-8.20524204137e-16	0.134993001819	-16.5128859882	62400
312	-2.7954214674	-8.20524204137e-16	0.14436610043	2.30987629414	62600
313	-131.380194647	-8.20524204137e-16	0.0192364025861	-4.70463498689	62800
314	-130.256815822	-8.20524204137e-16	0.059063129127	-5.65136294752	63000
315	-125.916046406	-8.20524204137e-16	0.0299820844084	-4.10631215006	63200
316	-330.523303664	-8.20524204137e-16	0.106338098645	-27.6196048248	63400
317	-120.786717597	-8.20524204137e-16	0.457592844963	-2.61910562828	63600
318	-372.030553654	-8.20524204137e-16	0.599940538406	-33.1915414812	63800
319	-133.889184925	-8.20524204137e-16	0.272782236338	-8.73988058597	64000
320	-244.583682178	-8.20524204137e-16	0.187791839242	-13.7547379851	64200
321	-131.561759833	-8.20524204137e-16	0.533573329449	-3.25613807142	64400
322	-128.17173764	-8.20524204137e-16	0.067929752171	-1.68541371763	64600
323	-2.93555720331	-8.20524204137e-16	0.0581341981888	6.4429708457	64800
324	-1491.72091763	-8.20524204137e-16	1.38918912411	-265.823294983	65000
325	-118.063349833	-8.20524204137e-16	0.043597150594	0.726211753786	65200
326	-119.236425442	-8.20524204137e-16	0.164721623063	-0.0868368250132	65400
327	-122.315536539	-8.20524204137e-16	0.170821607113	-0.608317873329	65600
328	-828.925008333	-8.20524204137e-16	3.04550623894	-167.244321834	65800
329	-659.962717293	-8.20524204137e-16	3.45389270782	-23.4258159302	66000
330	-128.157989831	-8.20524204137e-16	3.42702460289	2.59813228071	66200
331	-127.946994343	-8.20524204137e-16	2.61837911606	5.29713329777	66400
332	-125.894006054	-8.20524204137e-16	2.14488363266	6.85946513772	66600
333	-6.90286895755	-8.20524204137e-16	1.25730729103	13.4181487146	66800
334	-233.079891489	-8.20524204137e-16	0.265083760023	5.75634696007	67000
335	-119.143996922	-8.20524204137e-16	0.460123151541	9.31887870073	67200
336	-123.546423311	-8.20524204137e-16	0.203732401133	8.80194196299	67400
337	-121.831865815	-8.20524204137e-16	0.141747400165	7.70553678989	67600
338	-243.999443559	-8.20524204137e-16	0.196465909481	-3.79485873908	67800
339	-119.621521502	-8.20524204137e-16	0.203846395016	5.95719325483	68000
340	-339.34630535	-8.20524204137e-16	0.205685704947	-18.1930069464	68200
341	-117.503608164	-8.20524204137e-16	0.0432742275298	4.76170343637	68400
342	-130.58269132	-8.20524204137e-16	0.0758353024721	0.104483574517	68600
343	-3.93919928823	-8.20524204137e-16	0.0368580184877	8.01490774989	68800
344	-116.523478528	-8.20524204137e-16	0.0358726754785	3.47968122661	69000
345	-115.826486934	-8.20524204137e-16	0.0825884789228	3.32415071294	69200
346	-5.92055755341	-8.20524204137e-16	0.0167516246438	5.08557302296	69400
347	-126.734806219	-8.20524204137e-16	0.0272813271731	-0.741353176832	69600
348	-334.825800594	-8.20524204137e-16	0.901274204254	-26.4838152015	69800
349	-392.76392277	-8.20524204137e-16	1.56580340862	-27.2248708589	70000
350	-249.757005462	-8.20524204137e-16	0.889933109283	-13.1455493848	70200
351	-380.57880511	-8.20524204137e-16	9.54500007629	-16.6375498891	70400
352	-264.263111457	-8.20524204137e-16	5.5827960968	-4.87369004123	70600
353	-124.776927976	-8.20524204137e-16	5.85328722	9.18352321029	70800
354	-240.44044184	-8.20524204137e-16	2.47926688194	1.70357180834	71000
355	-129.362873587	-8.20524204137e-16	5.92863225937	11.9207874124	71200
356	-119.808647526	-8.20524204137e-16	0.0796039402485	18.2250797784	71400
357	-115.880195215	-8.20524204137e-16	0.21499723196	17.6189651442	71600
358	-118.29894507	-8.20524204137e-16	0.0591963753104	14.804733212	71800
359	-5.73084015212	-8.20524204137e-16	0.05741751194	18.6631063175	72000
360	-364.706709078	-8.20524204137e-16	0.111843004823	-11.5812986314	72200
361	-126.962759006	-8.20524204137e-16	0.296344667673	6.15720689774	72400
362	-126.329792699	-8.20524204137e-16	0.0424760244787	7.00638105869	72600
363	-3.78329386774	-8.20524204137e-16	0.163801878691	13.2769088461	72800
364	-257.201890885	-8.20524204137e-16	1.52619338036	-7.51030402362	73000
365	-5.92283595122	-8.20524204137e-16	0.861294925213	10.9632734251	73200
366	-123.581727675	-8.20524204137e-16	0.813232421875	5.5394084239	73400
367	-6.17000970968	-8.20524204137e-16	0.150023177266	11.0714301348	73600
368	-130.075660193	-8.20524204137e-16	0.810719072819	1.67874072656	73800
369	-128.355447846	-8.20524204137e-16	0.109246842563	2.97779527962	74000
370	-220.682629966	-8.20524204137e-16	0.136930987239	-5.74149079561	74200
371	-116.716322297	-8.20524204137e-16	0.0754500851035	5.61928884745	74400
372	-120.484136067	-8.20524204137e-16	0.16496810317	5.41614076406	74600
373	-122.622479243	-8.20524204137e-16	0.0486446134746	3.67643236697	74800
374	-238.323813379	-8.20524204137e-16	0.0945501103997	-8.15498341799	75000
375	-2.26385446288	-8.20524204137e-16	0.0235425140709	7.47323309898	75200
376	-2.41903467578	-8.20524204137e-16	0.0109336543828	6.56579056025	75400
377	-120.487408482	-8.20524204137e-16	0.022820437327	0.41788311962	75600
378	-2.84255356729	-8.20524204137e-16	0.0438536033034	5.50879695892	75800
379	-117.171995208	-8.20524204137e-16	0.00429123453796	0.533618217111	76000
380	-123.338765515	-8.20524204137e-16	0.0325325578451	-2.22921956941	76200
381	-539.182358296	-8.20524204137e-16	0.164099544287	-54.5797550789	76400
382	-235.025409542	-8.20524204137e-16	0.412552803755	-14.2520923894	76600
383	-118.797263698	-8.20524204137e-16	0.978512585163	2.02026870787	76800
384	-128.085520608	-8.20524204137e-16	0.245760634542	0.405453365594	77000
385	-235.253490826	-8.20524204137e-16	0.289107888937	-8.59155193605	77200
386	-227.706018883	-8.20524204137e-16	0.0737302154303	-8.78194934845	77400
387	-121.499035127	-8.20524204137e-16	0.0499427616596	0.568582933694	77600
388	-124.781258971	-8.20524204137e-16	0.0509527809918	-0.753890390396	77800
389	-120.0042076	-8.20524204137e-16	0.0215531494468	0.136064731479	78000
390	-242.741881404	-8.20524204137e-16	0.436717331409	-12.594435221	78200
391	-129.354439496	-8.20524204137e-16	0.125496134162	-3.77556190491	78400
392	-439.134580434	-8.20524204137e-16	0.652290403843	-42.4969538867	78600
393	-330.170246476	-8.20524204137e-16	0.176487877965	-24.4339158051	78800
394	-4.05649554071	-8.20524204137e-16	0.146784126759	5.20340671912	79000
395	-324.698578332	-8.20524204137e-16	0.525058865547	-26.6292669135	79200
396	-232.516035489	-8.20524204137e-16	0.380661189556	-12.9393003464	79400
397	-128.329567537	-8.20524204137e-16	0.131848961115	-4.662106722	79600
398	-127.579684045	-8.20524204137e-16	0.141615003347	-4.29883927405	79800
399	-123.821188335	-8.20524204137e-16	0.066728040576	-2.34908269227	80000
400	-3.41017870177	-8.20524204137e-16	0.0251903608441	3.61021249563	80200
401	-128.221679477	-8.20524204137e-16	0.0176645498723	-3.72933501542	80400
402	-131.770213732	-8.20524204137e-16	0.0411733686924	-7.13348208129	80600
403	-121.84676741	-8.20524204137e-16	0.0277135353535	-0.786566442251	80800
404	-121.760469646	-8.20524204137e-16	0.0169997494668	-1.62483797729	81000
405	-131.728886701	-8.20524204137e-16	0.101432226598	-6.49205934763	81200
406	-117.631044938	-8.20524204137e-16	0.102284520864	0.508492676616	81400
407	-130.507255582	-8.20524204137e-16	0.123619049788	-5.6633398667	81600
408	-119.425055873	-8.20524204137e-16	0.0118774212897	1.84665650591	81800
409	-238.501516668	-8.20524204137e-16	0.078012727201	-10.7664579022	82000
410	-122.368267026	-8.20524204137e-16	0.0164317917079	0.409082702994	82200
411	-127.761184944	-8.20524204137e-16	0.0332087166607	-3.19694118857	82400
412	-123.671525112	-8.20524204137e-16	0.0655854120851	-1.02173713446	82600
413	-131.414042794	-8.20524204137e-16	0.250155597925	-4.91233701587	82800
414	-116.332552566	-8.20524204137e-16	0.103451140225	-0.718385289311	83000
415	-126.778391075	-8.20524204137e-16	0.0187207590789	-1.85465588599	83200
416	-122.311723365	-8.20524204137e-16	0.0121203660965	-0.782271773964	83400
417	-123.478583376	-8.20524204137e-16	0.0268768668175	-1.48806320567	83600
418	-122.586792566	-8.20524204137e-16	0.028133360669	-0.787318950891	83800
419	-128.744145448	-8.20524204137e-16	0.027944708243	-2.04965473279	84000
420	-133.317670392	-8.20524204137e-16	0.0645735412836	-6.65702510804	84200
421	-287.256801314	-8.20524204137e-16	0.14024426043	-19.8643343598	84400
422	-122.556617417	-8.20524204137e-16	0.0547613576055	-0.815424386859	84600
423	-128.007401299	-8.20524204137e-16	0.0214541982859	-1.73169617057	84800
424	-222.880124303	-8.20524204137e-16	0.264373809099	-11.6987747616	85000
425	-4.22835268035	-8.20524204137e-16	0.137864470482	5.90368056059	85200
426	-349.086407329	-8.20524204137e-16	0.367375463247	-26.3769940531	85400
427	-120.810605344	-8.20524204137e-16	0.114237859845	1.51768989298	85600
428	-243.297157454	-8.20524204137e-16	0.445654481649	-9.89771548986	85800
429	-118.623871938	-8.20524204137e-16	0.451706111431	5.45538872063	86000
430	-1103.83060513	-8.20524204137e-16	0.709656953812	-93.8628079428	86200
431	-519.375082411	-8.20524204137e-16	8.51100540161	-37.5579972446	86400
432	-341.20416409	-8.20524204137e-16	2.52220630646	-12.3414174579	86600
433	-124.709057405	-8.20524204137e-16	3.17800688744	9.5484780401	86800
434	-312.306415331	-8.20524204137e-16	1.68501651287	-12.2209870577	87000
435	-117.367666118	-8.20524204137e-16	0.366703897715	10.6977217042	87200
436	-117.41994989	-8.20524204137e-16	0.0794275701046	10.3144954562	87400
437	-115.987052991	-8.20524204137e-16	0.0495193488896	9.598924734	87600
438	-124.639687005	-8.20524204137e-16	0.0443454273045	5.94183899999	87800
439	-367.684082777	-8.20524204137e-16	0.147129297256	-23.3758058459	88000
440	-118.437220968	-8.20524204137e-16	0.126459851861	5.05817966878	88200
441	-369.650865156	-8.20524204137e-16	0.489819765091	-28.831879518	88400
442	-3.15414121187	-8.20524204137e-16	0.332962274551	10.0651803309	88600
443	-125.161467941	-8.20524204137e-16	0.137409701943	0.0041105222702	88800
444	-284.604919482	-8.20524204137e-16	0.324789345264	-19.3485534787	89000
445	-248.961930148	-8.20524204137e-16	0.949995100498	-14.9737122321	89200
446	-4.94074077642	-8.20524204137e-16	0.104935027659	8.88934756756	89400
447	-130.591899163	-8.20524204137e-16	0.182789027691	-1.19938386679	89600
448	-259.955402449	-8.20524204137e-16	0.326490670443	-19.5177725147	89800
449	-131.216555192	-8.20524204137e-16	0.584078490734	0.80119343847	90000
450	-232.910853477	-8.20524204137e-16	0.171146571636	-13.9280039549	90200
451	-765.266302464	-8.20524204137e-16	0.542011797428	-117.171802343	90400
452	-122.043732115	-8.20524204137e-16	0.881054759026	3.31702832043	90600
453	-120.432828134	-8.20524204137e-16	0.974286317825	5.81544039488	90800
454	-127.703678616	-8.20524204137e-16	0.239144280553	5.42654171467	91000
455	-135.216683817	-8.20524204137e-16	0.285866171122	-12.5743881941	91200
456	-120.585392754	-8.20524204137e-16	0.15069848299	5.38762939334	91400
457	-235.597432509	-8.20524204137e-16	0.0819788575172	-8.03374880433	91600
458	-129.973777547	-8.20524204137e-16	0.0461170524359	1.58717477798	91800
459	-128.014717953	-8.20524204137e-16	0.0786674395204	2.2424850595	92000
460	-129.599627696	-8.20524204137e-16	0.0421667732298	2.44105984986	92200
461	-127.857162374	-8.20524204137e-16	0.0118163265288	0.782946535647	92400
462	-2.44505630691	-8.20524204137e-16	0.0436068996787	7.4569453299	92600
463	-488.77034016	-8.20524204137e-16	0.280334383249	-39.4291028801	92800
464	-3.35039225519	-8.20524204137e-16	0.123590640724	7.11845990181	93000
465	-120.684267269	-8.20524204137e-16	0.118613354862	1.99507467955	93200
466	-119.357620182	-8.20524204137e-16	0.125795140862	1.66263833106	93400
467	-372.929321666	-8.20524204137e-16	0.316227763891	-29.1702554429	93600
468	-129.792475225	-8.20524204137e-16	0.108809344471	-0.666015228629	93800
469	-125.165975788	-8.20524204137e-16	0.141797855496	0.110480921715	94000
470	-124.249666892	-8.20524204137e-16	0.0849175453186	-0.217260305285	94200
471	-124.788197258	-8.20524204137e-16	0.0549583621323	-1.04488955677	94400
472	-123.21601205	-8.20524204137e-16	0.101252011955	1.27715270028	94600
473	-5.32452845156	-8.20524204137e-16	0.141284912825	4.95850811601	94800
474	-3.7849831348	-8.20524204137e-16	0.0254787132144	7.5200315547	95000
475	-128.074820343	-8.20524204137e-16	0.0618351027369	0.829414893538	95200
476	-135.09362737	-8.20524204137e-16	0.222918793559	1.2317853713	95400
477	-120.45838007	-8.20524204137e-16	0.0342031158507	4.02049288109	95600
478	-128.411897824	-8.20524204137e-16	0.280870825052	3.13931773424	95800
479	-123.520214351	-8.20524204137e-16	0.172140926123	3.08512459397	96000
480	-123.479876494	-8.20524204137e-16	0.0536707490683	2.45697390676	96200
481	-348.029552452	-8.20524204137e-16	0.396897166967	-20.1461119854	96400
482	-6.45326873716	-8.20524204137e-16	0.280704319477	8.44490572691	96600
483	-124.051583208	-8.20524204137e-16	0.0333249531686	1.97066143036	96800
484	-457.007179947	-8.20524204137e-16	0.386902213097	-32.0671884263	97000
485	-377.146448684	-8.20524204137e-16	0.322932690382	-17.6008743921	97200
486	-121.960223375	-8.20524204137e-16	0.669973194599	2.68562077284	97400
487	-126.486077957	-8.20524204137e-16	0.253676652908	3.87450351715	97600
488	-221.865983092	-8.20524204137e-16	0.550730347633	-7.03525916353	97800
489	-122.289055276	-8.20524204137e-16	0.648969292641	4.00181762576	98000
490	-124.235589284	-8.20524204137e-16	0.0839370563626	4.2868871513	98200
491	-116.174543335	-8.20524204137e-16	0.0203917305917	4.01113498971	98400
492	-237.32516561	-8.20524204137e-16	0.10920535773	-8.80252430826	98600
493	-124.64794249	-8.20524204137e-16	0.0893480405211	0.206753430068	98800
494	-2.10776018392	-8.20524204137e-16	0.0634853541851	6.46886304855	99000
495	-1.98517082302	-8.20524204137e-16	0.0145962163806	5.92644167662	99200
496	-122.205158932	-8.20524204137e-16	0.00688003143296	-0.333924980164	99400
497	-126.701814443	-8.20524204137e-16	0.00568049680442	-5.32988897309	99600
498	-940.9434434	-8.20524204137e-16	0.156343862414	-108.74703278	99800
499	-124.845313244	-8.20524204137e-16	0.140777260065	-1.57195979238	100000
500	-123.219863252	-8.20524204137e-16	0.0275050215423	-0.377294758409	100200
501	-1.71828935694	-8.20524204137e-16	0.0288313794881	5.41371624708	100400
502	-119.79721462	-8.20524204137e-16	0.0143305631354	-0.232292140722	100600
503	-122.03089534	-8.20524204137e-16	0.0181176736951	-1.24610452339	100800
504	-119.639016617	-8.20524204137e-16	0.0163621585816	-1.29978527248	101000
505	-1.93679708221	-8.20524204137e-16	0.00249837175943	3.58902042747	101200
506	-122.229414819	-8.20524204137e-16	0.149563059211	-2.25905034959	101400
507	-123.569587375	-8.20524204137e-16	0.0109369596466	-1.01863844067	101600
508	-248.745715509	-8.20524204137e-16	0.0415279529989	-14.8946264198	101800
509	-232.066512164	-8.20524204137e-16	0.10772934556	-11.9605636597	102000
510	-119.296006295	-8.20524204137e-16	0.0377528518438	0.820740024149	102200
511	-126.243605411	-8.20524204137e-16	0.0733134299517	-1.42826133281	102400
512	-2.63884378366	-8.20524204137e-16	0.041480332613	6.3217150116	102600
513	-120.791824825	-8.20524204137e-16	0.0276415497065	1.50312569171	102800
514	-232.204976076	-8.20524204137e-16	0.027718257159	-10.6650190838	103000
515	-244.035398571	-8.20524204137e-16	0.143158897758	-12.3807207817	103200
516	-258.064788413	-8.20524204137e-16	0.432074725628	-19.8743540943	103400
517	-130.860356723	-8.20524204137e-16	0.582682073116	-1.15654186904	103600
518	-244.07737216	-8.20524204137e-16	0.183384224772	-9.19003436804	103800
519	-227.942429136	-8.20524204137e-16	0.301666289568	-7.51132940799	104000
520	-126.976993527	-8.20524204137e-16	0.861220002174	2.01681357145	104200
521	-130.814075167	-8.20524204137e-16	0.0730041414499	-2.7356672883	104400
522	-3.11601695593	-8.20524204137e-16	0.0240814238787	7.65218557358	104600
523	-118.074641908	-8.20524204137e-16	0.0406602174044	2.07044867441	104800
524	-269.879358641	-8.20524204137e-16	0.171083390713	-16.7722946548	105000
525	-122.844093417	-8.20524204137e-16	0.0597262904048	1.0096566546	105200
526	-126.756459326	-8.20524204137e-16	0.042498704046	-0.843031370342	105400
527	-239.599433271	-8.20524204137e-16	0.0604989230633	-9.81849841669	105600
528	-2.28932324007	-8.20524204137e-16	0.0174925103784	6.38866501927	105800
529	-128.877156552	-8.20524204137e-16	0.0451129153371	-4.28555616617	106000
530	-121.047233866	-8.20524204137e-16	0.0956382006407	0.836564277411	106200
531	-123.431849796	-8.20524204137e-16	0.0244346931577	-0.619260431379	106400
532	-240.765944745	-8.20524204137e-16	0.013980306685	-14.4407707652	106600
533	-120.737680123	-8.20524204137e-16	0.0106843337417	-0.476025359929	106800
534	-222.54361351	-8.20524204137e-16	0.0252950675786	-10.9324251395	107000
535	-120.96368452	-8.20524204137e-16	0.0284641031176	-1.23309828982	107200
536	-125.584060266	-8.20524204137e-16	0.0908158570528	-4.31757176369	107400
537	-122.988390711	-8.20524204137e-16	0.017766052857	-1.69764921069	107600
538	-121.938289731	-8.20524204137e-16	0.0275773629546	-2.06742415607	107800
539	-124.136635299	-8.20524204137e-16	0.170876681805	-3.90879297435	108000
540	-127.135308548	-8.20524204137e-16	0.0344989970326	-5.45158128589	108200
541	-126.111709978	-8.20524204137e-16	0.0217074993998	-3.64371864066	108400
542	-230.971900515	-8.20524204137e-16	0.0616291277111	-13.4367476416	108600
543	-259.462855854	-8.20524204137e-16	0.27726238966	-18.8552192748	108800
544	-247.797542853	-8.20524204137e-16	0.548726677895	-14.4088964772	109000
545	-128.235244628	-8.20524204137e-16	0.344246178865	-2.80148569137	109200
546	-120.796579001	-8.20524204137e-16	0.173825517297	1.11174422137	109400
547	-238.721123053	-8.20524204137e-16	0.0563032068312	-12.1739203149	109600
548	-125.984831693	-8.20524204137e-16	0.0563682354987	-5.41644803017	109800
549	-120.477441612	-8.20524204137e-16	0.0199467595667	0.186931985021	110000
550	-123.57906997	-8.20524204137e-16	0.00898381881416	-1.2126900439	110200
551	-115.982898755	-8.20524204137e-16	0.0143149169162	0.0495061895251	110400
552	-126.358246101	-8.20524204137e-16	0.017725456506	-5.09696562886	110600
553	-233.384032416	-8.20524204137e-16	0.0254500675946	-12.6845895267	110800
554	-246.066314122	-8.20524204137e-16	0.0192040856928	-15.5930573571	111000
555	-426.441062306	-8.20524204137e-16	0.35876506567	-31.4902743044	111200
556	-260.968449365	-8.20524204137e-16	0.547786772251	-19.9710783365	111400
557	-119.294935077	-8.20524204137e-16	0.173995986581	-3.86948363833	111600
558	-984.590448537	-8.20524204137e-16	4.03203201294	-74.5313850811	111800
559	-126.844143075	-8.20524204137e-16	2.30958580971	-8.48314011611	112000
560	-259.309930853	-8.20524204137e-16	4.24732255936	-20.1435455617	112200
561	-129.647691372	-8.20524204137e-16	1.10299420357	-2.49066008002	112400
562	-1488.1939028	-8.20524204137e-16	1.61911463737	-52.6933044842	112600
563	-2.56651853409	-8.20524204137e-16	3.39789557457	8.50527527094	112800
564	-118.287748194	-8.20524204137e-16	1.61771321297	0.788890464902	113000
565	-134.430599952	-8.20524204137e-16	1.55487811565	-4.68508254796	113200
566	-123.822027969	-8.20524204137e-16	0.481695324183	2.88676718399	113400
567	-126.668784885	-8.20524204137e-16	0.355311244726	0.217692506313	113600
568	-124.022641533	-8.20524204137e-16	0.231122642756	3.06165450513	113800
569	-123.982654641	-8.20524204137e-16	0.201327756047	3.7071288383	114000
570	-369.78057942	-8.20524204137e-16	0.209255427122	-21.3700996625	114200
571	-118.722873749	-8.20524204137e-16	0.144532725215	3.00858222008	114400
572	-124.415686515	-8.20524204137e-16	0.226645112038	1.34394578218	114600
573	-122.203899317	-8.20524204137e-16	0.205089151859	-2.17152988791	114800
574	-118.75843895	-8.20524204137e-16	0.147305965424	1.32447972894	115000
575	-228.796000193	-8.20524204137e-16	0.0732402950525	-14.3361799906	115200
576	-124.600044718	-8.20524204137e-16	0.108112424612	0.358192338347	115400
577	-128.389198258	-8.20524204137e-16	0.0621625855565	-6.31441811323	115600
578	-2.00909306097	-8.20524204137e-16	0.0338420793414	4.74260886669	115800
579	-118.436929405	-8.20524204137e-16	0.0425171889365	-0.0615408842266	116000
580	-128.953882717	-8.20524204137e-16	0.0393838509917	-2.65458333805	116200
581	-128.996209493	-8.20524204137e-16	0.152101263404	-2.74715428621	116400
582	-241.598548545	-8.20524204137e-16	0.0441468991339	-13.3142369395	116600
583	-115.800389975	-8.20524204137e-16	0.0957831740379	0.873259724602	116800
584	-237.899223122	-8.20524204137e-16	0.134963437915	-14.9883114822	117000
585	-345.350534871	-8.20524204137e-16	0.172269672155	-29.1107221559	117200
586	-123.886309824	-8.20524204137e-16	0.0428059995174	-2.3823688817	117400
587	-2.08024268335	-8.20524204137e-16	0.162043705583	3.60905221701	117600
588	-122.829057049	-8.20524204137e-16	0.155925884843	-2.83826385193	117800
589	-122.322477421	-8.20524204137e-16	0.0415407754481	-2.62515714854	118000
590	-242.650489803	-8.20524204137e-16	0.119012773037	-18.6548726737	118200
591	-129.560916622	-8.20524204137e-16	0.0115395542234	-7.64161542103	118400
592	-125.609062463	-8.20524204137e-16	0.0184527058154	-4.50429152802	118600
593	-247.101253567	-8.20524204137e-16	0.0174783840775	-17.0233777755	118800
594	-1.66579046732	-8.20524204137e-16	0.0137562695891	2.17022214949	119000
595	-128.191194553	-8.20524204137e-16	0.0691497251391	-9.0168990171	119200
596	-239.533940538	-8.20524204137e-16	0.112651370466	-15.94456618	119400
597	-124.305202945	-8.20524204137e-16	0.0529797561467	-4.8133448112	119600
598	-120.812838428	-8.20524204137e-16	0.0172468144447	-3.68089261405	119800
599	-120.522472346	-8.20524204137e-16	0.0263917259872	-3.79334573865	120000
600	-126.771801267	-8.20524204137e-16	0.0559407435358	-5.99083190709	120200
601	-125.531398503	-8.20524204137e-16	0.043984785676	-5.56535134912	120400
602	-224.508056492	-8.20524204137e-16	0.386377185583	-14.1543845725	120600
603	-121.60144328	-8.20524204137e-16	0.119501583278	-4.22170155242	120800
604	-116.805784309	-8.20524204137e-16	0.021300278604	-3.08489389315	121000
605	-225.776638973	-8.20524204137e-16	0.0635256245732	-14.8883573477	121200
606	-122.125218761	-8.20524204137e-16	0.185555517673	-4.3029497093	121400
607	-121.205809383	-8.20524204137e-16	0.02603408508	-3.7719626157	121600
608	-125.606252395	-8.20524204137e-16	0.0242508202791	-5.35688255608	121800
609	-120.660280341	-8.20524204137e-16	0.0344950072467	-3.68616615012	122000
610	-125.128843062	-8.20524204137e-16	0.0160168036819	-5.18900959849	122200
611	-119.725055148	-8.20524204137e-16	0.0161285549402	-3.96410861343	122400
612	-450.155922596	-8.20524204137e-16	0.755663692951	-44.4498492016	122600
613	-1192.75935964	-8.20524204137e-16	2.21184229851	-136.741159296	122800
614	-120.961934611	-8.20524204137e-16	2.71471953392	-3.84767327286	123000
615	-1.86160272694	-8.20524204137e-16	0.199910983443	1.52118073612	123200
616	-3.23184177099	-8.20524204137e-16	0.334570348263	0.499129682183	123400
617	-128.030125416	-8.20524204137e-16	0.328303992748	-5.48085868135	123600
618	-129.186363167	-8.20524204137e-16	0.13802023232	-7.19026562661	123800
619	-373.279222427	-8.20524204137e-16	0.209525331855	-27.6187872885	124000
620	-118.96876302	-8.20524204137e-16	0.2230938375	-4.07397049226	124200
621	-127.51656002	-8.20524204137e-16	0.16508872807	-5.45258648932	124400
622	-121.471394073	-8.20524204137e-16	0.0830538347363	-3.49951847434	124600
623	-121.811346382	-8.20524204137e-16	0.0459154620767	-3.59062026963	124800
624	-118.306440163	-8.20524204137e-16	0.00452483585104	-2.65179979026	125000
625	-222.560951972	-8.20524204137e-16	0.130368381739	-17.0257834214	125200
626	-238.732998478	-8.20524204137e-16	0.364744186401	-13.6420894185	125400
627	-371.089025793	-8.20524204137e-16	0.198766827583	-33.0196194404	125600
628	-397.221653042	-8.20524204137e-16	0.545054733753	-14.731650712	125800
629	-3.52819642889	-8.20524204137e-16	0.299549490213	4.04610328674	126000
630	-248.925976992	-8.20524204137e-16	0.33992561698	-13.0133500805	126200
631	-123.05907724	-8.20524204137e-16	0.671412348747	0.412330873013	126400
632	-126.070877189	-8.20524204137e-16	0.52986997366	-2.74834521145	126600
633	-241.668682023	-8.20524204137e-16	0.0709013864398	-14.754226014	126800
634	-2.35837340072	-8.20524204137e-16	0.0706697031856	4.89117185354	127000
635	-248.207659561	-8.20524204137e-16	0.344662576914	-17.1631015563	127200
636	-232.739205764	-8.20524204137e-16	0.124326430261	-12.7148336172	127400
637	-120.273753979	-8.20524204137e-16	0.147716224194	1.25150870919	127600
638	-2.77334443962	-8.20524204137e-16	0.0707135722041	6.08833044291	127800
639	-126.698388495	-8.20524204137e-16	0.0606206841767	-0.962183803916	128000
640	-122.283806589	-8.20524204137e-16	0.0311738587916	0.275138185024	128200
641	-232.922534445	-8.20524204137e-16	0.115411445498	-11.6757303381	128400
642	-130.86184664	-8.20524204137e-16	0.0154714463279	-5.96654066443	128600
643	-116.455617642	-8.20524204137e-16	0.0558104068041	0.556298956871	128800
644	-125.90605211	-8.20524204137e-16	0.0753439217806	-2.05617113292	129000
645	-229.035939561	-8.20524204137e-16	0.0704053342342	-10.3389072014	129200
646	-3.43032466971	-8.20524204137e-16	0.127715498209	5.21973818421	129400
647	-128.606792079	-8.20524204137e-16	0.0468670353293	-1.92302847028	129600
648	-123.022295678	-8.20524204137e-16	0.0224313978106	-0.271210683137	129800
649	-116.507578996	-8.20524204137e-16	0.214781478047	0.604669921249	130000
650	-4.12511336865	-8.20524204137e-16	0.0319742262363	4.52038427085	130200
651	-134.913648799	-8.20524204137e-16	0.0785574764013	-3.87300568849	130400
652	-3.09864393518	-8.20524204137e-16	0.00428241491318	4.85499214768	130600
653	-232.71315868	-8.20524204137e-16	0.0815350785851	-12.2009691659	130800
654	-270.72135521	-8.20524204137e-16	0.0674003139138	-17.1718801191	131000
655	-123.214497525	-8.20524204137e-16	0.0528002642095	-0.424042004347	131200
656	-244.639358401	-8.20524204137e-16	0.243115022779	-13.8060332657	131400
657	-129.980307664	-8.20524204137e-16	0.131403341889	0.206974390745	131600
658	-237.337314002	-8.20524204137e-16	0.262674987316	-11.9237275314	131800
659	-253.982863874	-8.20524204137e-16	0.085803553462	-11.9534559	132000
660	-127.127230215	-8.20524204137e-16	0.0504694692791	1.31679918945	132200
661	-3.45307667699	-8.20524204137e-16	0.0181051660329	8.20978489161	132400
662	-396.781623382	-8.20524204137e-16	0.127283588052	-30.294551549	132600
663	-246.614557633	-8.20524204137e-16	0.333823800087	-17.2610371372	132800
664	-357.4065712	-8.20524204137e-16	0.153593838215	-33.1706761622	133000
665	-227.356262817	-8.20524204137e-16	0.218538075686	-10.7866855691	133200
666	-117.221764058	-8.20524204137e-16	0.0784307569265	1.84167127907	133400
667	-128.411580638	-8.20524204137e-16	0.0891811624169	-0.153785696328	133600
668	-121.420433113	-8.20524204137e-16	0.0940752327442	0.755508997887	133800
669	-243.82334561	-8.20524204137e-16	1.29427504539	-17.2061824088	134000
670	-363.063112025	-8.20524204137e-16	0.223450273275	-32.6925510611	134200
671	-131.194656319	-8.20524204137e-16	0.188384488225	-3.28427018762	134400
672	-118.121192906	-8.20524204137e-16	0.204700961709	2.69102621615	134600
673	-129.854397121	-8.20524204137e-16	0.0721265077591	0.0754985183477	134800
674	-234.130501212	-8.20524204137e-16	0.131198167801	-11.1150115924	135000
675	-118.990946248	-8.20524204137e-16	0.0251356698573	1.16502405643	135200
676	-129.818557379	-8.20524204137e-16	0.0179774165154	-1.95799965277	135400
677	-120.455544229	-8.20524204137e-16	0.0496236942708	0.440370776579	135600
678	-120.744056567	-8.20524204137e-16	0.0330891758204	0.355222232342	135800
679	-237.840636868	-8.20524204137e-16	0.0317646451294	-11.6793599187	136000
680	-258.331061294	-8.20524204137e-16	0.0422424077988	-16.308483845	136200
681	-2.23078932716	-8.20524204137e-16	0.0570109337568	5.0389769578	136400
682	-2.75610478921	-8.20524204137e-16	0.0109047377482	4.9430606842	136600
683	-126.548155602	-8.20524204137e-16	0.0111275436357	-3.77260756075	136800
684	-128.220520864	-8.20524204137e-16	0.0449565835297	-3.21898864895	137000
685	-2.29585433581	-8.20524204137e-16	0.0245432909578	3.7370727694	137200
686	-245.487996518	-8.20524204137e-16	0.108070753515	-13.8912719852	137400
687	-129.257739183	-8.20524204137e-16	0.0287182480097	-4.72075255394	137600
688	-126.990860868	-8.20524204137e-16	0.0144067965448	-4.01750961378	137800
689	-365.418706448	-8.20524204137e-16	0.415828794241	-26.4040218239	138000
690	-3.05456953171	-8.20524204137e-16	0.0986282229424	3.90795478106	138200
691	-7.00415229785	-8.20524204137e-16	0.0896757245064	-0.192758827209	138400
692	-319.562794114	-8.20524204137e-16	0.30132496357	-29.4544575724	138600
693	-286.970800517	-8.20524204137e-16	0.505803823471	-21.6649146906	138800
694	-786.786269243	-8.20524204137e-16	1.89821445942	-22.2697762483	139000
695	-117.166818879	-8.20524204137e-16	1.06161677837	0.889036037549	139200
696	-126.721602189	-8.20524204137e-16	0.871338486671	-0.58583619833	139400
697	-123.418237499	-8.20524204137e-16	0.708664119244	-0.0355186790228	139600
698	-119.978454468	-8.20524204137e-16	0.422103106976	3.19694011241	139800
699	-246.218401373	-8.20524204137e-16	0.141479000449	-7.77047145486	140000
700	-235.933600525	-8.20524204137e-16	0.195127442479	-10.5711505844	140200
701	-225.394277088	-8.20524204137e-16	0.290877699852	-9.80017628551	140400
702	-128.121306699	-8.20524204137e-16	0.178611770272	-1.76611899406	140600
703	-126.643414793	-8.20524204137e-16	0.329150557518	-1.17432088464	140800
704	-2.3802584073	-8.20524204137e-16	0.0410995520651	5.74238203049	141000
705	-125.746130013	-8.20524204137e-16	0.048313178122	-1.14316778347	141200
706	-128.534386978	-8.20524204137e-16	0.0189449768513	-2.09796493769	141400
707	-128.504789087	-8.20524204137e-16	0.0335594117641	-3.55386974037	141600
708	-2.70636930212	-8.20524204137e-16	0.0268675498664	4.8939612639	141800
709	-116.843840978	-8.20524204137e-16	0.0548763759434	0.0368577095866	142000
710	-3.08128354197	-8.20524204137e-16	0.00580271380022	4.23819734216	142200
711	-128.504253289	-8.20524204137e-16	0.0275482032448	-5.27334295958	142400
712	-126.540520444	-8.20524204137e-16	0.016988331452	-3.14457516432	142600
713	-126.158226162	-8.20524204137e-16	0.00457346020266	-2.19736313164	142800
714	-118.878358958	-8.20524204137e-16	0.0301113538444	-0.755682816505	143000
715	-125.529683876	-8.20524204137e-16	0.0295583717525	-3.02799145401	143200
716	-128.804309342	-8.20524204137e-16	0.0280472524464	-5.05556284115	143400
717	-120.836035795	-8.20524204137e-16	0.0156448967755	-1.58802280039	143600
718	-124.943763916	-8.20524204137e-16	0.0194282215089	-2.06661128938	143800
719	-4.57438257004	-8.20524204137e-16	0.0193449612707	3.62058698177	144000
720	-253.563341868	-8.20524204137e-16	0.125017881393	-17.1665799719	144200
721	-124.87174889	-8.20524204137e-16	0.0951069295406	-2.48515280306	144400
722	-123.603766859	-8.20524204137e-16	0.228266313672	-3.96596584797	144600
723	-134.471163142	-8.20524204137e-16	0.0890457332134	-2.33291591302	144800
724	-117.25541964	-8.20524204137e-16	0.0551622286439	1.25787441358	145000
725	-123.261021132	-8.20524204137e-16	0.0112928720191	-0.928065197617	145200
726	-128.866224961	-8.20524204137e-16	0.0220604687929	-3.67385934442	145400
727	-117.254107252	-8.20524204137e-16	0.0237527992576	0.0753898364305	145600
728	-125.313332522	-8.20524204137e-16	0.0366103872657	-3.38086842701	145800
729	-116.212414344	-8.20524204137e-16	0.019164159894	-0.543525846303	146000
730	-119.309882414	-8.20524204137e-16	0.0221703667194	-1.2103992413	146200
731	-3.43693785723	-8.20524204137e-16	0.00227593281306	3.78365323067	146400
732	-127.967865274	-8.20524204137e-16	0.00846549682319	-5.03721574605	146600
733	-3.48830756498	-8.20524204137e-16	0.00826979149133	3.12553880572	146800
734	-123.239010156	-8.20524204137e-16	0.0117188356817	-2.19819520637	147000
735	-255.192016064	-8.20524204137e-16	0.183100640774	-16.2649184877	147200
736	-120.43478986	-8.20524204137e-16	0.0835352614522	-1.98662001222	147400
737	-135.984926137	-8.20524204137e-16	0.156207859516	-6.18962382615	147600
738	-2.08218043741	-8.20524204137e-16	0.0252446904778	3.8821222651	147800
739	-244.564065811	-8.20524204137e-16	0.112775363028	-11.9486439908	148000
740	-118.374814897	-8.20524204137e-16	0.106971561909	0.235450184941	148200
741	-232.603720481	-8.20524204137e-16	0.0951594933867	-9.04919041097	148400
742	-124.828099546	-8.20524204137e-16	0.0749647989869	-1.53859232232	148600
743	-126.040394181	-8.20524204137e-16	0.021359058097	-2.98755598992	148800
744	-119.58881761	-8.20524204137e-16	0.0253838021308	-0.0760930773616	149000
745	-387.058477103	-8.20524204137e-16	0.343433529139	-32.599159075	149200
746	-125.865648544	-8.20524204137e-16	0.0649109184742	-1.74891408831	149400
747	-130.911272673	-8.20524204137e-16	0.051977224648	-4.57299111873	149600
748	-1504.85367472	-8.20524204137e-16	0.286231011152	-259.83685379	149800
749	-121.704672256	-8.20524204137e-16	1.04133152962	-0.408675919399	150000
750	-373.548867304	-8.20524204137e-16	1.54040384293	-29.3050924873	150200
751	-118.696159065	-8.20524204137e-16	1.07823741436	-1.61264424518	150400
752	-284.311662312	-8.20524204137e-16	2.94752407074	-22.6909190559	150600
753	-249.902136243	-8.20524204137e-16	0.239802151918	-14.2674740922	150800
754	-2.27527597396	-8.20524204137e-16	0.176493912935	6.80403655767	151000
755	-136.893028323	-8.20524204137e-16	0.0946849435568	-0.94394863002	151200
756	-328.595475896	-8.20524204137e-16	0.178011342883	-19.6764231345	151400
757	-231.618696794	-8.20524204137e-16	0.116827070713	-9.93331400871	151600
758	-2.68069741782	-8.20524204137e-16	0.158748656511	6.73235133648	151800
759	-244.396639599	-8.20524204137e-16	0.166178628802	-12.8054613304	152000
760	-130.388403497	-8.20524204137e-16	0.120789736509	-2.21739781678	152200
761	-2.66481469936	-8.20524204137e-16	0.0571700520813	6.24191333532	152400
762	-128.080999166	-8.20524204137e-16	0.0987923890352	-1.74636888623	152600
763	-127.111482144	-8.20524204137e-16	0.0644993856549	-0.117614018321	152800
764	-2.24394822238	-8.20524204137e-16	0.0221969429404	5.88487579584	153000
765	-128.245043831	-8.20524204137e-16	0.0150243090466	-2.14631002367	153200
766	-122.435852986	-8.20524204137e-16	0.0116526484489	-0.508865118623	153400
767	-2.16508999708	-8.20524204137e-16	0.0114156631753	4.1804663825	153600
768	-121.054365323	-8.20524204137e-16	0.00328912818804	-1.50608862042	153800
769	-230.659365784	-8.20524204137e-16	0.0893710032105	-12.5177292821	154000
770	-277.555481967	-8.20524204137e-16	0.379276275635	-21.6922371018	154200
771	-126.543773777	-8.20524204137e-16	0.357602894306	-6.20369591117	154400
772	-3.57385214959	-8.20524204137e-16	0.0561727657914	6.23097159863	154600
773	-132.35446733	-8.20524204137e-16	0.087173730135	-1.11642055273	154800
774	-369.482382666	-8.20524204137e-16	0.132296681404	-27.0798047031	155000
775	-243.31974058	-8.20524204137e-16	0.140085548162	-11.2534516442	155200
776	-125.373063213	-8.20524204137e-16	0.0555510818958	0.408676329404	155400
777	-128.529534369	-8.20524204137e-16	0.085673853755	-1.21776915073	155600
778	-768.589730369	-8.20524204137e-16	1.43264663219	-70.1799611199	155800
779	-6.43200858116	-8.20524204137e-16	1.91534209251	8.98537218332	156000
780	-130.954187564	-8.20524204137e-16	3.30099463463	-0.315077455044	156200
781	-118.542712254	-8.20524204137e-16	0.819597482681	5.76900018096	156400
782	-123.784300212	-8.20524204137e-16	0.420636326075	9.88896653652	156600
783	-239.680406147	-8.20524204137e-16	0.678022742271	-9.61450833797	156800
784	-3.5318526189	-8.20524204137e-16	0.411350816488	9.00791098833	157000
785	-119.402097479	-8.20524204137e-16	0.153657779098	4.80670951933	157200
786	-119.473925056	-8.20524204137e-16	0.0442852340639	4.05641644955	157400
787	-132.572867369	-8.20524204137e-16	0.0368200428784	-1.81788152963	157600
788	-121.421476128	-8.20524204137e-16	0.0659885331988	2.50638765454	157800
789	-119.442457475	-8.20524204137e-16	0.0257155187428	1.48617733061	158000
790	-131.819063671	-8.20524204137e-16	0.0212601069361	-2.69502048552	158200
791	-339.403892291	-8.20524204137e-16	0.227463871241	-26.5336728096	158400
792	-115.179850648	-8.20524204137e-16	0.142225727439	0.290646874905	158600
793	-127.213936452	-8.20524204137e-16	0.0421307235956	-1.92892150879	158800
794	-130.78757884	-8.20524204137e-16	0.117910057306	-3.51811743349	159000
795	-121.41525581	-8.20524204137e-16	0.0430598706007	-1.48011814602	159200
796	-227.757497009	-8.20524204137e-16	0.176931843162	-14.2423288369	159400
797	-130.108326577	-8.20524204137e-16	0.0454852283001	-3.49994906187	159600
798	-120.187858745	-8.20524204137e-16	0.0386193171144	-0.925001218319	159800
799	-259.781301569	-8.20524204137e-16	0.0480935461819	-16.6658878093	160000
800	-130.762065614	-8.20524204137e-16	0.0325185209513	-3.3934143883	160200
801	-249.458312138	-8.20524204137e-16	0.0701080113649	-15.4417437914	160400
802	-136.819955029	-8.20524204137e-16	0.196441575885	-4.38643797696	160600
803	-132.92565879	-8.20524204137e-16	0.228020861745	-5.20056688398	160800
804	-337.329905416	-8.20524204137e-16	0.378690421581	-22.1882006729	161000
805	-3.90628977657	-8.20524204137e-16	0.257850021124	5.10612690687	161200
806	-236.494214646	-8.20524204137e-16	0.128986552358	-13.641121158	161400
807	-119.891031456	-8.20524204137e-16	0.180063635111	-4.77723484039	161600
808	-119.224522816	-8.20524204137e-16	0.339588165283	-0.84642152667	161800
809	-126.449159195	-8.20524204137e-16	0.0397327169776	-3.22692937374	162000
810	-355.26148913	-8.20524204137e-16	0.544772386551	-28.2442291164	162200
811	-234.545687109	-8.20524204137e-16	0.341825604439	-13.8141299281	162400
812	-2.47178735647	-8.20524204137e-16	0.0669235661626	3.56853755593	162600
813	-248.747399444	-8.20524204137e-16	0.192551732063	-20.1252552175	162800
814	-118.577592198	-8.20524204137e-16	0.126568749547	-1.49044302672	163000
815	-124.337832883	-8.20524204137e-16	0.0253859609365	-2.42791864455	163200
816	-120.36070911	-8.20524204137e-16	0.0228243656456	-1.58722832948	163400
817	-244.20602861	-8.20524204137e-16	0.0778056159616	-14.9748089972	163600
818	-131.2774605	-8.20524204137e-16	0.0243592541665	-5.34250173867	163800
819	-131.85733658	-8.20524204137e-16	0.047230374068	-8.76286420465	164000
820	-225.738781886	-8.20524204137e-16	0.0697667449713	-12.1466674642	164200
821	-1.94883272648	-8.20524204137e-16	0.0158954486251	3.84103190422	164400
822	-123.077290899	-8.20524204137e-16	0.0260154921561	-2.47348823011	164600
823	-121.801357678	-8.20524204137e-16	0.0141477016732	-2.33945587516	164800
824	-133.708051493	-8.20524204137e-16	0.0142468651757	-9.8074691397	165000
825	-125.006219353	-8.20524204137e-16	0.220694765449	-5.23961360931	165200
826	-122.824616552	-8.20524204137e-16	0.133283242583	-0.941027716696	165400
827	-259.909424096	-8.20524204137e-16	0.169810891151	-9.76952947378	165600
828	-120.358329299	-8.20524204137e-16	0.289446294308	-0.436001068354	165800
829	-7.47994014247	-8.20524204137e-16	0.422090083361	3.23103627414	166000
830	-134.642697868	-8.20524204137e-16	0.572729468346	-2.72104235709	166200
831	-6.49375194893	-8.20524204137e-16	1.5077829361	7.63846195936	166400
832	-123.428985601	-8.20524204137e-16	0.0415608175099	2.21155643314	166600
833	-318.197763233	-8.20524204137e-16	0.212157800794	-10.4458377171	166800
834	-443.444042152	-8.20524204137e-16	0.484697729349	-31.2059195518	167000
835	-132.767010124	-8.20524204137e-16	0.484611064196	-0.784053943157	167200
836	-241.911640241	-8.20524204137e-16	0.41666072607	-10.6443938071	167400
837	-124.993095487	-8.20524204137e-16	0.407160103321	4.32305895329	167600
838	-122.966036937	-8.20524204137e-16	0.247662007809	4.82760680139	167800
839	-4.1225384282	-8.20524204137e-16	0.0390591844916	9.98044916391	168000
840	-122.126406063	-8.20524204137e-16	0.0265870094299	3.40449789762	168200
841	-1.9163526676	-8.20524204137e-16	0.0097232600674	8.39391600609	168400
842	-132.145192081	-8.20524204137e-16	0.635014951229	-4.63239855707	168600
843	-136.058664529	-8.20524204137e-16	0.212506085634	-5.50163789451	168800
844	-128.519183038	-8.20524204137e-16	0.083472289145	-1.32557498276	169000
845	-129.343819963	-8.20524204137e-16	0.093704931438	-4.71186589278	169200
846	-2.43335854708	-8.20524204137e-16	0.0729693099856	7.38433737516	169400
847	-2.35429153002	-8.20524204137e-16	0.0595593750477	6.8890871048	169600
848	-344.817814098	-8.20524204137e-16	0.703693091869	-30.4894442743	169800
849	-122.678138284	-8.20524204137e-16	0.0873683393002	0.145544698834	170000
850	-5.44366430036	-8.20524204137e-16	0.254900425673	7.42348068237	170200
851	-120.046275281	-8.20524204137e-16	0.265372931957	-0.60575724721	170400
852	-231.633244701	-8.20524204137e-16	0.749590694904	-10.1172484091	170600
853	-131.723169722	-8.20524204137e-16	0.0407415293157	-0.584002343714	170800
854	-510.638960667	-8.20524204137e-16	0.537597596645	-50.6237953517	171000
855	-129.874739985	-8.20524204137e-16	0.235552191734	1.64603369713	171200
856	-228.772298194	-8.20524204137e-16	0.931067705154	-12.1574105471	171400
857	-362.813534718	-8.20524204137e-16	0.385325670242	-31.166508339	171600
858	-135.210050516	-8.20524204137e-16	0.608203887939	-9.80813491106	171800
859	-118.026565951	-8.20524204137e-16	0.129141658545	1.98799674004	172000
860	-124.976978026	-8.20524204137e-16	0.311985373497	1.6050944531	172200
861	-120.0357384	-8.20524204137e-16	0.308818727732	1.09834783912	172400
862	-3.1355972832	-8.20524204137e-16	0.0743331089616	7.53791623354	172600
863	-124.920037993	-8.20524204137e-16	0.0343421250582	1.68869080037	172800
864	-334.987729691	-8.20524204137e-16	0.186605721712	-19.2100271064	173000
865	-237.745034458	-8.20524204137e-16	0.572534739971	-11.3646218781	173200
866	-128.525095545	-8.20524204137e-16	0.334938496351	0.169609193802	173400
867	-244.591261911	-8.20524204137e-16	0.372535049915	-12.6298657918	173600
868	-256.65165284	-8.20524204137e-16	0.518841326237	-12.7765892485	173800
869	-237.744861139	-8.20524204137e-16	0.439615488052	-11.7763813072	174000
870	-220.630903559	-8.20524204137e-16	0.708737552166	-10.2317288554	174200
871	-118.831397305	-8.20524204137e-16	0.214043229818	2.93922842205	174400
872	-119.768157857	-8.20524204137e-16	0.116205319762	3.56981675088	174600
873	-126.965496414	-8.20524204137e-16	0.28163164854	1.95857021302	174800
874	-122.473168484	-8.20524204137e-16	0.0338869690895	2.65813909382	175000
875	-130.911528606	-8.20524204137e-16	0.0110961459577	-1.07791034043	175200
876	-134.696563232	-8.20524204137e-16	0.00888171233237	-3.62082260609	175400
877	-127.651546974	-8.20524204137e-16	0.0158675927669	-0.47030359596	175600
878	-121.89181859	-8.20524204137e-16	0.0103963427246	0.821945757791	175800
879	-119.930276767	-8.20524204137e-16	0.0252421442419	0.6663254565	176000
880	-1495.8564899	-8.20524204137e-16	2.00008320808	-232.823493729	176200
881	-378.205202182	-8.20524204137e-16	1.07498550415	-31.2069909143	176400
882	-117.828311576	-8.20524204137e-16	2.3894071579	6.00807067156	176600
883	-960.607287548	-8.20524204137e-16	1.80872738361	-51.0190749264	176800
884	-392.532545269	-8.20524204137e-16	1.78457963467	-22.0338683048	177000
885	-233.214684312	-8.20524204137e-16	8.98658275604	-0.318077557087	177200
886	-228.219050121	-8.20524204137e-16	1.88681316376	-3.85119337559	177400
887	-122.493017369	-8.20524204137e-16	1.59460222721	8.52125488281	177600
888	-123.777026339	-8.20524204137e-16	0.560054600239	9.30795852184	177800
889	-115.65190644	-8.20524204137e-16	0.450134009123	13.4063913167	178000
890	-276.438202233	-8.20524204137e-16	0.164236620069	-3.08201625794	178200
891	-130.743264487	-8.20524204137e-16	0.181922912598	1.35674406886	178400
892	-347.486404062	-8.20524204137e-16	0.532940626144	-13.4105328116	178600
893	-2.3236729437	-8.20524204137e-16	0.382214426994	12.8694704437	178800
894	-351.056381859	-8.20524204137e-16	0.249992236495	-22.1048494816	179000
895	-240.051534462	-8.20524204137e-16	0.493611097336	-6.73657163978	179200
896	-131.258132223	-8.20524204137e-16	0.378736883402	-1.34436176181	179400
897	-142.392999344	-8.20524204137e-16	0.284231424332	-1.54517410457	179600
898	-118.125530084	-8.20524204137e-16	0.0697383731604	7.71040640801	179800
899	-1202.38657968	-8.20524204137e-16	5.87927627563	-30.2513577181	180000
900	-232.249571896	-8.20524204137e-16	1.84689891338	2.82759283066	180200
901	-312.158320335	-8.20524204137e-16	1.91058695316	-10.9990401495	180400
902	-248.788409633	-8.20524204137e-16	0.557588517666	-3.26087345719	180600
903	-131.781569891	-8.20524204137e-16	0.806901991367	4.07298539162	180800
904	-241.945057094	-8.20524204137e-16	0.243022799492	-5.31347648799	181000
905	-229.761393356	-8.20524204137e-16	0.186564564705	-3.61255693793	181200
906	-132.498180574	-8.20524204137e-16	0.342552423477	-2.02458874643	181400
907	-131.165850405	-8.20524204137e-16	0.0733198001981	-0.720061528981	181600
908	-1.76926454099	-8.20524204137e-16	0.0261300634593	8.46391991377	181800
909	-119.436057162	-8.20524204137e-16	0.0741038620472	2.04965548187	182000
910	-124.45472109	-8.20524204137e-16	0.0557942166924	-0.057270142138	182200
911	-119.89351232	-8.20524204137e-16	0.0524192415178	0.963912880123	182400
912	-121.268406695	-8.20524204137e-16	0.166958078742	0.0205361413956	182600
913	-226.58880382	-8.20524204137e-16	0.313728839159	-18.350687519	182800
914	-120.397455976	-8.20524204137e-16	0.0759533122182	-0.628513621092	183000
915	-123.526244938	-8.20524204137e-16	0.0798314511776	-1.9770451358	183200
916	-250.469809271	-8.20524204137e-16	0.0998155102134	-14.3280536339	183400
917	-226.874699692	-8.20524204137e-16	0.145040124655	-12.934399972	183600
918	-380.366821001	-8.20524204137e-16	0.269573390484	-29.0532255551	183800
919	-129.822202824	-8.20524204137e-16	0.443892657757	-1.55112465382	184000
920	-2.0980723538	-8.20524204137e-16	0.0433758832514	4.85021580458	184200
921	-245.624457992	-8.20524204137e-16	0.0932570099831	-15.4314679989	184400
922	-241.412449041	-8.20524204137e-16	0.125928238034	-14.1724994716	184600
923	-115.581401784	-8.20524204137e-16	0.0976946651936	-0.609699483812	184800
924	-119.656326035	-8.20524204137e-16	0.0571692883968	-1.07295415252	185000
925	-232.945158775	-8.20524204137e-16	0.0280186198652	-13.4041073126	185200
926	-268.235376834	-8.20524204137e-16	0.0352818928659	-16.9816634202	185400
927	-251.459336647	-8.20524204137e-16	0.0297128409147	-15.1663372016	185600
928	-229.629009655	-8.20524204137e-16	0.102806501091	-12.8317973584	185800
929	-119.647121324	-8.20524204137e-16	0.070191860199	-2.48793292522	186000
930	-233.441939817	-8.20524204137e-16	0.047625683248	-14.2701313081	186200
931	-2.22907330019	-8.20524204137e-16	0.0190128106624	2.89088175774	186400
932	-117.137655399	-8.20524204137e-16	0.0223705396056	-1.74056440949	186600
933	-133.585525882	-8.20524204137e-16	0.015064205043	-6.06952006161	186800
934	-122.621195285	-8.20524204137e-16	0.116436503828	-6.47184114724	187000
935	-131.461108584	-8.20524204137e-16	0.0728474631906	-12.4126983741	187200
936	-220.188709067	-8.20524204137e-16	0.203481376171	-14.581235356	187400
937	-4.93705039524	-8.20524204137e-16	0.32020932436	-0.400469472408	187600
938	-3.06193995106	-8.20524204137e-16	0.0471255294979	3.62313303709	187800
939	-131.578097225	-8.20524204137e-16	0.083029769361	-7.29292871863	188000
940	-123.535598054	-8.20524204137e-16	0.0200363826007	-1.36463159323	188200
941	-132.446013275	-8.20524204137e-16	0.0596527568996	-9.8413979423	188400
942	-4.25278353015	-8.20524204137e-16	0.0198572333902	2.80945784271	188600
943	-115.485769326	-8.20524204137e-16	0.0574083849788	-1.05289423913	188800
944	-127.742022415	-8.20524204137e-16	0.328313410282	-4.51824889332	189000
945	-131.201514368	-8.20524204137e-16	0.13436935842	-2.4636612536	189200
946	-118.413990545	-8.20524204137e-16	0.0997440740466	-0.115771591663	189400
947	-118.373305727	-8.20524204137e-16	0.0435015782714	0.330891675353	189600
948	-226.12498534	-8.20524204137e-16	0.12546980381	-9.94200626969	189800
949	-121.234902956	-8.20524204137e-16	0.0673898756504	1.50082206666	190000
950	-117.04152688	-8.20524204137e-16	0.0745343193412	2.55056072176	190200
951	-134.030073602	-8.20524204137e-16	0.0427591316402	-4.77204311728	190400
952	-4.63598266315	-8.20524204137e-16	0.0704056471586	6.55427392721	190600
953	-2.17897789562	-8.20524204137e-16	0.0555986836553	6.20745367527	190800
954	-255.200603289	-8.20524204137e-16	0.176274374127	-14.2171111998	191000
955	-124.174086792	-8.20524204137e-16	0.0306435059756	-0.497685062587	191200
956	-371.02818878	-8.20524204137e-16	0.347435593605	-26.5117050672	191400
957	-2.61855725288	-8.20524204137e-16	0.0611748658121	8.00762870789	191600
958	-118.6251174	-8.20524204137e-16	0.0674510449171	3.81937677681	191800
959	-122.905967892	-8.20524204137e-16	0.129919737577	2.58060102224	192000
960	-3.52634190662	-8.20524204137e-16	0.14106425643	8.73264456749	192200
961	-220.986131475	-8.20524204137e-16	0.0421428866684	-7.96227219105	192400
962	-331.434400501	-8.20524204137e-16	0.0665653571486	-23.5278757688	192600
963	-118.708094423	-8.20524204137e-16	0.109704323113	2.28399287611	192800
964	-310.279846333	-8.20524204137e-16	0.170135006309	-18.477271225	193000
965	-244.553124665	-8.20524204137e-16	0.227698683739	-10.7157116088	193200
966	-236.383914964	-8.20524204137e-16	0.144698157907	-10.5153834414	193400
967	-122.709329467	-8.20524204137e-16	0.0555823408067	1.72334335566	193600
968	-366.055425343	-8.20524204137e-16	0.905529499054	-21.7889430568	193800
969	-130.680207702	-8.20524204137e-16	0.567780554295	-1.31402007043	194000
970	-3.79584934713	-8.20524204137e-16	0.188945427537	7.24635292768	194200
971	-257.205621856	-8.20524204137e-16	0.737382829189	-12.8576216602	194400
972	-473.259540285	-8.20524204137e-16	0.998983204365	-48.0643556279	194600
973	-224.994047976	-8.20524204137e-16	1.27092957497	-11.1586252941	194800
974	-247.666086387	-8.20524204137e-16	0.36400449276	-5.2548492372	195000
975	-260.949543947	-8.20524204137e-16	0.259123712778	-10.2022283337	195200
976	-359.74604885	-8.20524204137e-16	0.555173158646	-24.0866335166	195400
977	-133.782044324	-8.20524204137e-16	0.277609288692	0.0577941290289	195600
978	-122.174436695	-8.20524204137e-16	0.172105431557	3.9474221915	195800
979	-130.964624711	-8.20524204137e-16	0.163713395596	1.40209204257	196000
980	-117.033428399	-8.20524204137e-16	0.0793191120028	4.84049975365	196200
981	-402.372647248	-8.20524204137e-16	0.0478230901062	-37.2280421489	196400
982	-582.754589648	-8.20524204137e-16	1.09355640411	-52.6243606049	196600
983	-235.998775315	-8.20524204137e-16	0.841257095337	-7.22600186586	196800
984	-237.87617231	-8.20524204137e-16	0.819135904312	-6.61538297176	197000
985	-128.489933647	-8.20524204137e-16	0.273583054543	4.33123799264	197200
986	-3.20320309163	-8.20524204137e-16	0.14943549037	11.0535053778	197400
987	-128.893164124	-8.20524204137e-16	0.0971905961633	0.981543501019	197600
988	-492.447322848	-8.20524204137e-16	2.58691191673	-37.8671409726	197800
989	-129.085277041	-8.20524204137e-16	0.805638194084	0.889771934152	198000
990	-124.310893278	-8.20524204137e-16	0.816226899624	5.61982221186	198200
991	-124.451888348	-8.20524204137e-16	0.324569016695	7.26474423885	198400
992	-3.76243456885	-8.20524204137e-16	0.930207669735	13.9295362926	198600
993	-133.228595968	-8.20524204137e-16	0.166726946831	4.56032357097	198800
994	-250.425350596	-8.20524204137e-16	0.354247689247	-4.20693163991	199000
995	-128.569130803	-8.20524204137e-16	0.510394334793	9.26482827455	199200
996	-124.525653088	-8.20524204137e-16	0.145924583077	7.03449043363	199400
997	-120.180816184	-8.20524204137e-16	0.163724437356	7.47598034739	199600
998	-127.621208402	-8.20524204137e-16	0.0777890235186	2.11951989561	199800
999	-132.360360082	-8.20524204137e-16	0.0572869032621	0.248892736137	200000
